0.000000     0.042514
0.000352     0.042514
0.000704     0.042512
0.001056     0.042511
0.001407     0.042508
0.001759     0.042505
0.002111     0.042501
0.002463     0.042497
0.002815     0.042492
0.003167     0.042488
0.003518     0.042483
0.003870     0.042478
0.004222     0.042473
0.004574     0.042469
0.004926     0.042465
0.005278     0.042462
0.005629     0.042460
0.005981     0.042459
0.006333     0.042460
0.006685     0.042463
0.007037     0.042467
0.007389     0.042474
0.007740     0.042484
0.008092     0.042496
0.008444     0.042512
0.008796     0.042531
0.009148     0.042554
0.009500     0.042582
0.009851     0.042614
0.010203     0.042651
0.010555     0.042694
0.010907     0.042743
0.011259     0.042798
0.011611     0.042860
0.011962     0.042928
0.012314     0.043005
0.012666     0.043089
0.013018     0.043182
0.013370     0.043284
0.013722     0.043395
0.014073     0.043516
0.014425     0.043647
0.014777     0.043789
0.015129     0.043943
0.015481     0.044108
0.015833     0.044286
0.016184     0.044476
0.016536     0.044680
0.016888     0.044898
0.017240     0.045130
0.017592     0.045377
0.017944     0.045639
0.018295     0.045917
0.018647     0.046212
0.018999     0.046523
0.019351     0.046852
0.019703     0.047200
0.020055     0.047565
0.020406     0.113162
0.020758     0.113110
0.021110     0.113061
0.021462     0.113015
0.021814     0.112972
0.022166     0.112933
0.022517     0.112898
0.022869     0.112867
0.023221     0.112840
0.023573     0.112817
0.023925     0.112799
0.024277     0.112786
0.024628     0.112777
0.024980     0.112774
0.025332     0.112776
0.025684     0.112783
0.026036     0.112796
0.026388     0.112815
0.026739     0.112841
0.027091     0.112872
0.027443     0.112910
0.027795     0.112955
0.028147     0.113007
0.028499     0.113065
0.028850     0.113131
0.029202     0.113205
0.029554     0.113286
0.029906     0.113376
0.030258     0.113473
0.030610     0.113578
0.030962     0.113692
0.031313     0.113815
0.031665     0.113947
0.032017     0.114087
0.032369     0.114237
0.032721     0.114396
0.033073     0.114565
0.033424     0.114744
0.033776     0.114932
0.034128     0.115131
0.034480     0.115340
0.034832     0.115559
0.035184     0.115790
0.035535     0.116031
0.035887     0.116283
0.036239     0.116546
0.036591     0.116820
0.036943     0.117107
0.037295     0.117404
0.037646     0.117714
0.037998     0.118035
0.038350     0.118369
0.038702     0.118715
0.039054     0.119074
0.039406     0.119445
0.039757     0.119829
0.040109     0.120226
0.040461     0.120635
0.040813     0.121058
0.041165     0.121495
0.041517     0.121945
0.041868     0.122408
0.042220     0.122885
0.042572     0.123377
0.042924     0.123882
0.043276     0.124401
0.043628     0.124935
0.043979     0.125483
0.044331     0.126045
0.044683     0.126622
0.045035     0.127214
0.045387     0.127821
0.045739     0.128442
0.046090     0.129079
0.046442     0.129731
0.046794     0.130398
0.047146     0.131081
0.047498     0.131779
0.047850     0.132492
0.048201     0.133222
0.048553     0.133967
0.048905     0.134728
0.049257     0.135505
0.049609     0.136297
0.049961     0.137106
0.050312     0.137932
0.050664     0.138773
0.051016     0.139631
0.051368     0.140505
0.051720     0.141396
0.052072     0.142303
0.052423     0.143226
0.052775     0.144167
0.053127     0.145124
0.053479     0.146098
0.053831     0.147088
0.054183     0.148096
0.054534     0.149120
0.054886     0.150161
0.055238     0.151219
0.055590     0.152295
0.055942     0.153387
0.056294     0.154496
0.056645     0.155623
0.056997     0.156766
0.057349     0.157927
0.057701     0.159105
0.058053     0.160300
0.058405     0.161513
0.058756     0.162742
0.059108     0.163989
0.059460     0.165253
0.059812     0.166535
0.060164     0.167834
0.060516     0.169150
0.060868     0.170484
0.061219     0.171835
0.061571     0.173203
0.061923     0.174589
0.062275     0.175992
0.062627     0.177413
0.062979     0.178851
0.063330     0.180307
0.063682     0.181781
0.064034     0.183272
0.064386     0.184780
0.064738     0.186306
0.065090     0.187850
0.065441     0.189412
0.065793     0.190991
0.066145     0.192588
0.066497     0.194203
0.066849     0.195836
0.067201     0.197487
0.067552     0.199157
0.067904     0.200844
0.068256     0.202549
0.068608     0.204273
0.068960     0.206015
0.069312     0.207776
0.069663     0.209555
0.070015     0.211353
0.070367     0.213170
0.070719     0.215006
0.071071     0.216861
0.071423     0.218735
0.071774     0.220629
0.072126     0.222542
0.072478     0.224475
0.072830     0.226428
0.073182     0.228401
0.073534     0.230395
0.073885     0.232409
0.074237     0.234443
0.074589     0.236499
0.074941     0.238576
0.075293     0.240675
0.075645     0.242795
0.075996     0.244937
0.076348     0.247102
0.076700     0.249289
0.077052     0.251499
0.077404     0.253732
0.077756     0.255989
0.078107     0.258270
0.078459     0.260574
0.078811     0.262904
0.079163     0.265258
0.079515     0.267637
0.079867     0.270042
0.080218     0.272473
0.080570     0.274930
0.080922     0.277414
0.081274     0.279926
0.081626     0.282464
0.081978     0.285031
0.082329     0.287627
0.082681     0.290251
0.083033     0.292904
0.083385     0.295587
0.083737     0.298301
0.084089     0.301045
0.084440     0.303820
0.084792     0.306626
0.085144     0.309465
0.085496     0.312336
0.085848     0.315241
0.086200     0.318179
0.086551     0.321150
0.086903     0.324157
0.087255     0.327198
0.087607     0.330275
0.087959     0.333388
0.088311     0.336538
0.088662     0.339724
0.089014     0.342949
0.089366     0.346211
0.089718     0.349512
0.090070     0.352853
0.090422     0.356233
0.090773     0.359654
0.091125     0.363116
0.091477     0.366620
0.091829     0.370165
0.092181     0.373754
0.092533     0.377386
0.092885     0.381062
0.093236     0.384783
0.093588     0.388549
0.093940     0.392361
0.094292     0.396220
0.094644     0.400127
0.094996     0.404081
0.095347     0.408085
0.095699     0.412138
0.096051     0.416242
0.096403     0.420398
0.096755     0.424605
0.097107     0.428866
0.097458     0.433180
0.097810     0.437549
0.098162     0.441975
0.098514     0.446457
0.098866     0.450997
0.099218     0.455596
0.099569     0.460255
0.099921     0.464976
0.100273     0.469759
0.100625     0.474606
0.100977     0.479518
0.101329     0.484496
0.101680     0.489542
0.102032     0.494658
0.102384     0.499845
0.102736     0.505104
0.103088     0.510438
0.103440     0.515847
0.103791     0.521335
0.104143     0.526902
0.104495     0.532551
0.104847     0.538283
0.105199     0.544102
0.105551     0.550009
0.105902     0.556006
0.106254     0.562097
0.106606     0.568283
0.106958     0.574567
0.107310     0.580952
0.107662     0.587441
0.108013     0.594037
0.108365     0.600743
0.108717     0.607562
0.109069     0.614498
0.109421     0.621554
0.109773     0.628733
0.110124     0.636041
0.110476     0.643479
0.110828     0.651053
0.111180     0.658768
0.111532     0.666626
0.111884     0.674634
0.112235     0.682795
0.112587     0.691115
0.112939     0.699600
0.113291     0.708253
0.113643     0.717082
0.113995     0.726091
0.114346     0.735287
0.114698     0.744676
0.115050     0.754265
0.115402     0.764060
0.115754     0.774069
0.116106     0.784299
0.116457     0.794757
0.116809     0.805451
0.117161     0.816390
0.117513     0.827583
0.117865     0.839037
0.118217     0.850762
0.118568     0.862768
0.118920     0.875065
0.119272     0.887662
0.119624     0.900572
0.119976     0.913805
0.120328     0.927373
0.120679     0.941288
0.121031     0.955562
0.121383     0.970209
0.121735     0.985243
0.122087     1.000677
0.122439     1.016527
0.122791     1.032808
0.123142     1.049536
0.123494     1.066728
0.123846     1.084402
0.124198     1.102576
0.124550     1.121269
0.124902     1.140501
0.125253     1.160292
0.125605     1.180665
0.125957     1.201643
0.126309     1.223247
0.126661     1.245505
0.127013     1.268441
0.127364     1.292082
0.127716     1.316457
0.128068     1.341596
0.128420     1.367528
0.128772     1.394287
0.129124     1.421907
0.129475     1.450423
0.129827     1.479872
0.130179     1.510294
0.130531     1.541728
0.130883     1.574218
0.131235     1.607809
0.131586     1.642548
0.131938     1.678483
0.132290     1.715668
0.132642     1.754156
0.132994     1.794004
0.133346     1.835272
0.133697     1.878024
0.134049     1.922324
0.134401     1.968243
0.134753     2.015853
0.135105     2.065232
0.135457     2.116459
0.135808     2.169619
0.136160     2.224802
0.136512     2.282100
0.136864     2.341613
0.137216     2.403444
0.137568     2.467701
0.137919     2.534500
0.138271     2.603960
0.138623     2.676209
0.138975     2.751380
0.139327     2.829614
0.139679     2.911057
0.140030     2.995865
0.140382     3.084201
0.140734     3.176237
0.141086     3.272155
0.141438     3.372142
0.141790     3.476400
0.142141     3.585137
0.142493     3.698573
0.142845     3.816941
0.143197     3.940482
0.143549     4.069451
0.143901     4.204115
0.144252     4.344752
0.144604     4.491656
0.144956     4.645132
0.145308     4.805499
0.145660     4.973091
0.146012     5.148256
0.146363     5.331354
0.146715     5.522760
0.147067     5.722865
0.147419     5.932072
0.147771     6.150794
0.148123     6.379462
0.148474     6.618513
0.148826     6.868398
0.149178     7.129572
0.149530     7.402500
0.149882     7.687648
0.150234     7.985483
0.150585     8.296470
0.150937     8.621066
0.151289     8.959713
0.151641     9.312839
0.151993     9.680841
0.152345     10.064089
0.152697     10.462905
0.153048     10.877563
0.153400     11.308271
0.153752     11.755162
0.154104     12.218278
0.154456     12.697556
0.154808     13.192811
0.155159     13.703719
0.155511     14.229798
0.155863     14.770385
0.156215     15.324623
0.156567     15.891435
0.156919     16.469505
0.157270     17.057264
0.157622     17.652864
0.157974     18.254174
0.158326     18.858761
0.158678     19.463889
0.159030     20.066516
0.159381     20.663302
0.159733     21.250623
0.160085     21.824599
0.160437     22.381121
0.160789     22.915901
0.161141     23.424527
0.161492     23.902525
0.161844     24.345439
0.162196     24.748910
0.162548     25.108770
0.162900     25.421134
0.163252     25.682494
0.163603     25.889808
0.163955     26.040590
0.164307     26.132978
0.164659     26.165801
0.165011     26.138617
0.165363     26.051742
0.165714     25.906252
0.166066     25.703965
0.166418     25.447408
0.166770     25.139757
0.167122     24.784765
0.167474     24.386679
0.167825     23.950143
0.168177     23.480101
0.168529     22.981690
0.168881     22.460147
0.169233     21.920711
0.169585     21.368538
0.169936     20.808631
0.170288     20.245771
0.170640     19.684468
0.170992     19.128927
0.171344     18.583015
0.171696     18.050252
0.172047     17.533801
0.172399     17.036479
0.172751     16.560760
0.173103     16.108797
0.173455     15.682440
0.173807     15.283266
0.174158     14.912595
0.174510     14.571528
0.174862     14.260965
0.175214     13.981634
0.175566     13.734119
0.175918     13.518875
0.176269     13.336258
0.176621     13.186535
0.176973     13.069902
0.177325     12.986502
0.177677     12.936426
0.178029     12.919728
0.178380     12.923177
0.178732     12.933524
0.179084     12.950775
0.179435     12.974939
0.179787     13.006029
0.180139     13.044060
0.180490     13.089052
0.180842     13.141026
0.181194     13.200006
0.181545     13.266020
0.181897     13.339097
0.182249     13.419266
0.182600     13.506559
0.182952     13.601007
0.183304     13.702643
0.183655     13.811498
0.184007     13.927600
0.184359     14.050978
0.184711     14.181654
0.185062     14.319651
0.185414     14.464983
0.185766     0.486448
0.186117     0.488143
0.186469     0.489854
0.186821     0.491575
0.187172     0.493297
0.187524     0.495013
0.187876     0.496713
0.188227     0.498390
0.188579     0.500034
0.188931     0.501638
0.189282     0.503191
0.189634     0.504685
0.189986     0.506109
0.190337     0.507456
0.190689     0.508715
0.191041     0.509877
0.191392     0.510932
0.191744     0.511871
0.192096     0.512685
0.192447     0.513364
0.192799     0.513899
0.193151     0.514282
0.193502     0.514504
0.193854     0.514556
0.194206     0.514431
0.194557     0.514121
0.194909     0.513618
0.195261     0.512917
0.195612     0.512010
0.195964     0.510893
0.196316     0.509559
0.196668     0.508005
0.197019     0.506226
0.197371     0.504220
0.197723     0.501984
0.198074     0.499516
0.198426     0.496815
0.198778     0.493880
0.199129     0.490713
0.199481     0.487314
0.199833     0.483686
0.200184     0.479831
0.200536     0.475752
0.200888     0.471454
0.201239     0.466941
0.201591     0.462220
0.201943     0.457297
0.202294     0.452177
0.202646     0.446870
0.202998     0.441382
0.203349     0.435723
0.203701     0.429901
0.204053     0.423925
0.204404     0.417806
0.204756     0.411553
0.205108     0.405176
0.205459     0.398687
0.205811     0.392095
0.206163     0.385412
0.206514     0.378648
0.206866     0.371813
0.207218     0.364920
0.207570     0.357977
0.207921     0.350996
0.208273     0.343987
0.208625     0.336961
0.208976     0.329926
0.209328     0.322892
0.209680     0.315869
0.210031     0.308866
0.210383     0.301890
0.210735     0.294951
0.211086     0.288055
0.211438     0.281210
0.211790     0.274424
0.212141     0.267702
0.212493     0.261051
0.212845     0.254476
0.213196     0.247982
0.213548     0.241575
0.213900     0.235258
0.214251     0.229036
0.214603     0.222912
0.214955     0.216889
0.215306     0.210970
0.215658     0.205157
0.216010     0.199453
0.216361     0.193860
0.216713     0.188377
0.217065     0.183008
0.217416     0.177752
0.217768     0.172610
0.218120     0.167583
0.218471     0.162669
0.218823     0.157871
0.219175     0.153185
0.219527     0.148614
0.219878     0.144154
0.220230     0.139807
0.220582     0.135569
0.220933     0.131441
0.221285     0.127421
0.221637     0.123508
0.221988     0.119699
0.222340     0.115994
0.222692     0.112391
0.223043     0.108888
0.223395     0.105483
0.223747     0.102174
0.224098     0.098959
0.224450     0.095837
0.224802     0.092806
0.225153     0.089863
0.225505     0.087007
0.225857     0.084236
0.226208     0.081547
0.226560     0.078939
0.226912     0.076410
0.227263     0.073958
0.227615     0.071581
0.227967     0.069276
0.228318     0.067043
0.228670     0.064879
0.229022     0.062782
0.229373     0.060751
0.229725     0.058783
0.230077     0.056878
0.230429     0.055032
0.230780     0.053245
0.231132     0.051515
0.231484     0.049840
0.231835     0.048219
0.232187     0.046649
0.232539     0.045129
0.232890     0.043659
0.233242     0.042235
0.233594     0.040857
0.233945     0.039524
0.234297     0.038233
0.234649     0.036983
0.235000     0.035773
0.235352     0.034602
0.235704     0.033468
0.236055     0.032370
0.236407     0.031306
0.236759     0.030275
0.237110     0.029277
0.237462     0.028309
0.237814     0.027370
0.238165     0.026459
0.238517     0.025576
0.238869     0.024718
0.239220     0.023885
0.239572     0.023075
0.239924     0.022288
0.240275     0.021521
0.240627     0.020775
0.240979     0.020048
0.241330     0.019339
0.241682     0.018647
0.242034     0.017971
0.242386     0.017309
0.242737     0.016662
0.243089     0.016027
0.243441     0.015405
0.243792     0.014793
0.244144     0.014192
0.244496     0.013600
0.244847     0.013017
0.245199     0.012441
0.245551     0.011872
0.245902     0.011308
0.246254     0.010751
0.246606     0.010197
0.246957     0.009648
0.247309     0.009101
0.247661     0.008557
0.248012     0.008015
0.248364     0.007474
0.248716     0.006933
0.249067     0.006393
0.249419     0.005852
0.249771     0.005311
0.250122     0.004767
0.250474     0.004223
0.250826     0.003676
0.251177     0.003126
0.251529     0.002574
0.251881     0.002018
0.252232     0.001459
0.252584     0.000896
0.252936     0.000330
0.253288    -0.000241
0.253639    -0.000815
0.253991    -0.001394
0.254343    -0.001977
0.254694    -0.002564
0.255046    -0.003156
0.255398    -0.003752
0.255749    -0.004352
0.256101    -0.004955
0.256453    -0.005563
0.256804    -0.006175
0.257156    -0.006790
0.257508    -0.007408
0.257859    -0.008029
0.258211    -0.008652
0.258563    -0.009278
0.258914    -0.009905
0.259266    -0.010535
0.259618    -0.011165
0.259969    -0.011795
0.260321    -0.012426
0.260673    -0.013056
0.261024    -0.013685
0.261376    -0.014312
0.261728    -0.014937
0.262079    -0.015560
0.262431    -0.016178
0.262783    -0.016793
0.263134    -0.017402
0.263486    -0.018006
0.263838    -0.018604
0.264189    -0.019194
0.264541    -0.019777
0.264893    -0.020351
0.265245    -0.020915
0.265596    -0.021470
0.265948    -0.022013
0.266300    -0.022545
0.266651    -0.023063
0.267003    -0.023569
0.267355    -0.024060
0.267706    -0.024536
0.268058    -0.024996
0.268410    -0.025440
0.268761    -0.025866
0.269113    -0.026273
0.269465    -0.026662
0.269816    -0.027031
0.270168    -0.027380
0.270520    -0.027707
0.270871    -0.028012
0.271223    -0.028295
0.271575    -0.028555
0.271926    -0.028790
0.272278    -0.029002
0.272630    -0.029189
0.272981    -0.029350
0.273333    -0.029485
0.273685    -0.029594
0.274036    -0.029677
0.274388    -0.029732
0.274740    -0.029760
0.275091    -0.029761
0.275443    -0.029734
0.275795    -0.029680
0.276146    -0.029598
0.276498    -0.029487
0.276850    -0.029349
0.277202    -0.029184
0.277553    -0.028991
0.277905    -0.028770
0.278257    -0.028523
0.278608    -0.028249
0.278960    -0.027949
0.279312    -0.027624
0.279663    -0.027273
0.280015    -0.026897
0.280367    -0.026498
0.280718    -0.026075
0.281070    -0.025631
0.281422    -0.025164
0.281773    -0.024677
0.282125    -0.024171
0.282477    -0.023645
0.282828    -0.023102
0.283180    -0.022543
0.283532    -0.021968
0.283883    -0.021379
0.284235    -0.020777
0.284587    -0.020164
0.284938    -0.019540
0.285290    -0.018907
0.285642    -0.018266
0.285993    -0.017619
0.286345    -0.016968
0.286697    -0.016312
0.287048    -0.015655
0.287400    -0.014997
0.287752    -0.014340
0.288104    -0.013685
0.288455    -0.013034
0.288807    -0.012387
0.289159    -0.011748
0.289510    -0.011115
0.289862    -0.010492
0.290214    -0.009880
0.290565    -0.009279
0.290917    -0.008691
0.291269    -0.008118
0.291620    -0.007559
0.291972    -0.007017
0.292324    -0.006492
0.292675    -0.005986
0.293027    -0.005499
0.293379    -0.005032
0.293730    -0.004586
0.294082    -0.004162
0.294434    -0.003760
0.294785    -0.003381
0.295137    -0.003025
0.295489    -0.002694
0.295840    -0.002386
0.296192    -0.002102
0.296544    -0.001843
0.296895    -0.001609
0.297247    -0.001399
0.297599    -0.001214
0.297950    -0.001053
0.298302    -0.000916
0.298654    -0.000802
0.299005    -0.000712
0.299357    -0.000645
0.299709    -0.000600
0.300061    -0.000576
0.300412    -0.000573
0.300764    -0.000591
0.301116    -0.000627
0.301467    -0.000681
0.301819    -0.000753
0.302171    -0.000841
0.302522    -0.000944
0.302874    -0.001060
0.303226    -0.001190
0.303577    -0.001331
0.303929    -0.001482
0.304281    -0.001642
0.304632    -0.001809
0.304984    -0.001984
0.305336    -0.002163
0.305687    -0.002346
0.306039    -0.002531
0.306391    -0.002717
0.306742    -0.002903
0.307094    -0.003088
0.307446    -0.003271
0.307797    -0.003449
0.308149    -0.003623
0.308501    -0.003791
0.308852    -0.003951
0.309204    -0.004104
0.309556    -0.004248
0.309907    -0.004383
0.310259    -0.004508
0.310611    -0.004621
0.310963    -0.004723
0.311314    -0.004814
0.311666    -0.004892
0.312018    -0.004959
0.312369    -0.005012
0.312721    -0.005054
0.313073    -0.005083
0.313424    -0.005100
0.313776    -0.005106
0.314128    -0.005101
0.314479    -0.005085
0.314831    -0.005059
0.315183    -0.005024
0.315534    -0.004981
0.315886    -0.004932
0.316238    -0.004876
0.316589    -0.004815
0.316941    -0.004752
0.317293    -0.004686
0.317644    -0.004620
0.317996    -0.004555
0.318348    -0.004494
0.318699    -0.004436
0.319051    -0.004386
0.319403    -0.004343
0.319754    -0.004310
0.320106    -0.004290
0.320458    -0.004283
0.320809    -0.004293
0.321161    -0.004320
0.321513    -0.004366
0.321864    -0.004435
0.322216    -0.004527
0.322568    -0.004645
0.322920    -0.004790
0.323271    -0.004964
0.323623    -0.005170
0.323975    -0.005408
0.324326    -0.005681
0.324678    -0.005990
0.325030    -0.006336
0.325381    -0.006722
0.325733    -0.007148
0.326085    -0.007616
0.326436    -0.008128
0.326788    -0.008683
0.327140    -0.009284
0.327491    -0.009931
0.327843    -0.010626
0.328195    -0.011369
0.328546    -0.012160
0.328898    -0.013001
0.329250    -0.013892
0.329601    -0.014834
0.329953    -0.015826
0.330305    -0.016870
0.330656    -0.017965
0.331008    -0.019113
0.331360    -0.020312
0.331711    -0.021563
0.332063    -0.022866
0.332415    -0.024222
0.332766    -0.025629
0.333118    -0.027088
0.333470    -0.028600
0.333822    -0.030163
0.334173    -0.031777
0.334525    -0.033443
0.334877    -0.035160
0.335228    -0.036929
0.335580    -0.038748
0.335932    -0.040619
0.336283    -0.042540
0.336635    -0.044511
0.336987    -0.046534
0.337338    -0.048607
0.337690    -0.050731
0.338042    -0.052905
0.338393    -0.055130
0.338745    -0.057407
0.339097    -0.059735
0.339448    -0.062114
0.339800    -0.064546
0.340152    -0.067030
0.340503    -0.069567
0.340855    -0.072158
0.341207    -0.074803
0.341558    -0.077504
0.341910    -0.080261
0.342262    -0.083074
0.342613    -0.085946
0.342965    -0.088878
0.343317    -0.091870
0.343668    -0.094923
0.344020    -0.098040
0.344372    -0.101222
0.344723    -0.104470
0.345075    -0.107786
0.345427    -0.111171
0.345779    -0.114628
0.346130    -0.118158
0.346482    -0.121763
0.346834    -0.125445
0.347185    -0.129206
0.347537    -0.133047
0.347889    -0.136972
0.348240    -0.140981
0.348592    -0.145077
0.348944    -0.149261
0.349295    -0.153536
0.349647    -0.157903
0.349999    -0.162364
0.350350    -0.166920
0.350702    -0.171572
0.351054    -0.176323
0.351405    -0.181172
0.351757    -0.186122
0.352109    -0.191171
0.352460    -0.196321
0.352812    -0.201572
0.353164    -0.206922
0.353515    -0.212372
0.353867    -0.217919
0.354219    -0.223562
0.354570    -0.229300
0.354922    -0.235128
0.355274    -0.241043
0.355625    -0.247042
0.355977    -0.253120
0.356329    -0.259270
0.356681    -0.265487
0.357032    -0.271764
0.357384    -0.278092
0.357736    -0.284462
0.358087    -0.290865
0.358439    -0.297290
0.358791    -0.303724
0.359142    -0.310155
0.359494    -0.316570
0.359846    -0.322952
0.360197    -0.329287
0.360549    -0.335557
0.360901    -0.341743
0.361252    -0.347828
0.361604    -0.353790
0.361956    -0.359609
0.362307    -0.365264
0.362659    -0.370732
0.363011    -0.375988
0.363362    -0.381011
0.363714    -0.385775
0.364066    -0.390256
0.364417    -0.394429
0.364769    -0.398270
0.365121    -0.401752
0.365472    -0.404853
0.365824    -0.407548
0.366176    -0.409813
0.366527    -0.411627
0.366879    -0.412966
0.367231    -0.413813
0.367582    -0.414146
0.367934    -0.413950
0.368286    -0.413209
0.368638    -0.411908
0.368989    -0.410038
0.369341    -0.407588
0.369693    -0.404551
0.370044    -0.400925
0.370396    -0.396706
0.370748    -0.391896
0.371099    -0.386498
0.371451    -0.380519
0.371803    -0.373968
0.372154    -0.366856
0.372506    -0.359197
0.372858    -0.351008
0.373209    -0.342308
0.373561    -0.333119
0.373913    -0.323463
0.374264    -0.313365
0.374616    -0.302854
0.374968    -0.291956
0.375319    -0.280702
0.375671    -0.269123
0.376023    -0.257250
0.376374    -0.245115
0.376726    -0.232752
0.377078    -0.220193
0.377429    -0.207471
0.377781    -0.194619
0.378133    -0.181669
0.378484    -0.168652
0.378836    -0.155601
0.379188    -0.142544
0.379540    -0.129511
0.379891    -0.116530
0.380243    -0.103627
0.380595    -0.090829
0.380946    -0.078158
0.381298    -0.065638
0.381650    -0.053289
0.382001    -0.041132
0.382353    -0.029184
0.382705    -0.017462
0.383056    -0.005981
0.383408     0.005244
0.383760     0.016203
0.384111     0.026883
0.384463     0.037275
0.384815     0.047370
0.385166     0.057162
0.385518     0.066644
0.385870     0.075811
0.386221     0.084658
0.386573     0.093184
0.386925     0.101385
0.387276     0.109259
0.387628     0.116806
0.387980     0.124025
0.388331     0.130917
0.388683     0.137482
0.389035     0.143721
0.389386     0.149636
0.389738     0.155229
0.390090     0.160501
0.390441     0.165454
0.390793     0.170092
0.391145     0.174415
0.391497     0.178428
0.391848     0.182131
0.392200     0.185528
0.392552     0.188621
0.392903     0.191412
0.393255     0.193903
0.393607     0.196097
0.393958     0.197994
0.394310     0.199596
0.394662     0.200905
0.395013     0.201922
0.395365     0.202648
0.395717     0.203083
0.396068     0.203228
0.396420     0.203030
0.396773     0.202437
0.397125     0.201447
0.397477     0.200061
0.397829     0.198278
0.398181     0.196100
0.398533     0.193526
0.398885     0.190556
0.399237     0.187190
0.399590     0.183429
0.399942     0.179274
0.400294     0.174724
0.400646     0.169783
0.400998     0.164450
0.401350     0.158729
0.401702     0.152621
0.402054     0.146131
0.402407     0.139262
0.402759     0.132018
0.403111     0.124405
0.403463     0.116429
0.403815     0.108098
0.404167     0.099420
0.404519     0.090405
0.404871     0.081063
0.405224     0.071407
0.405576     0.061449
0.405928     0.051206
0.406280     0.040691
0.406632     0.029925
0.406984     0.018925
0.407336     0.007712
0.407688    -0.003692
0.408041    -0.015263
0.408393    -0.026975
0.408745    -0.038804
0.409097    -0.050720
0.409449    -0.062696
0.409801    -0.074700
0.410153    -0.086702
0.410506    -0.098670
0.410858    -0.110571
0.411210    -0.122373
0.411562    -0.134040
0.411914    -0.145541
0.412266    -0.156840
0.412618    -0.167905
0.412970    -0.178703
0.413323    -0.189201
0.413675    -0.199368
0.414027    -0.209174
0.414379    -0.218590
0.414731    -0.227589
0.415083    -0.236145
0.415435    -0.244235
0.415787    -0.251838
0.416140    -0.258933
0.416492    -0.265505
0.416844    -0.271539
0.417196    -0.277023
0.417548    -0.281948
0.417900    -0.286307
0.418252    -0.290096
0.418604    -0.293315
0.418957    -0.295963
0.419309    -0.298046
0.419661    -0.299569
0.420013    -0.300540
0.420365    -0.300971
0.420717    -0.300873
0.421069    -0.300261
0.421421    -0.299151
0.421774    -0.297561
0.422126    -0.295509
0.422478    -0.293017
0.422830    -0.290105
0.423182    -0.286796
0.423534    -0.283111
0.423886    -0.279073
0.424238    -0.274707
0.424591    -0.270035
0.424943    -0.265082
0.425295    -0.259870
0.425647    -0.254422
0.425999    -0.248761
0.426351    -0.242910
0.426703    -0.236889
0.427055    -0.230720
0.427408    -0.224423
0.427760    -0.218018
0.428112    -0.211523
0.428464    -0.204956
0.428816    -0.198334
0.429168    -0.191673
0.429520    -0.184988
0.429872    -0.178294
0.430225    -0.171604
0.430577    -0.164930
0.430929    -0.158285
0.431281    -0.151678
0.431633    -0.145121
0.431985    -0.138623
0.432337    -0.132192
0.432689    -0.125836
0.433042    -0.119562
0.433394    -0.113377
0.433746    -0.107287
0.434098    -0.101297
0.434450    -0.095413
0.434802    -0.089639
0.435154    -0.083979
0.435506    -0.078437
0.435859    -0.073015
0.436211    -0.067717
0.436563    -0.062546
0.436915    -0.057504
0.437267    -0.052592
0.437619    -0.047813
0.437971    -0.043169
0.438324    -0.038661
0.438676    -0.034291
0.439028    -0.030059
0.439380    -0.025966
0.439732    -0.022015
0.440084    -0.018205
0.440436    -0.014537
0.440788    -0.011012
0.441141    -0.007632
0.441493    -0.004396
0.441845    -0.001305
0.442197     0.001641
0.442549     0.004440
0.442901     0.007092
0.443253     0.009597
0.443605     0.011955
0.443958     0.014165
0.444310     0.016226
0.444662     0.018138
0.445014     0.019901
0.445366     0.021515
0.445718     0.022979
0.446070     0.024293
0.446422     0.025457
0.446775     0.026471
0.447127     0.027335
0.447479     0.028048
0.447831     0.028611
0.448183     0.029023
0.448535     0.029286
0.448887     0.029398
0.449239     0.029361
0.449592     0.029176
0.449944     0.028841
0.450296     0.028359
0.450648     0.027730
0.451000     0.026954
0.451352     0.026033
0.451704     0.024968
0.452056     0.023759
0.452409     0.022409
0.452761     0.020919
0.453113     0.019291
0.453465     0.017525
0.453817     0.015625
0.454169     0.013593
0.454521     0.011430
0.454873     0.009139
0.455226     0.006723
0.455578     0.004184
0.455930     0.001526
0.456282    -0.001248
0.456634    -0.004135
0.456986    -0.007132
0.457338    -0.010234
0.457690    -0.013438
0.458043    -0.016740
0.458395    -0.020134
0.458747    -0.023618
0.459099    -0.027186
0.459451    -0.030834
0.459803    -0.034556
0.460155    -0.038347
0.460507    -0.042202
0.460860    -0.046116
0.461212    -0.050082
0.461564    -0.054096
0.461916    -0.058150
0.462268    -0.062240
0.462620    -0.066358
0.462972    -0.070499
0.463324    -0.074656
0.463677    -0.078823
0.464029    -0.082993
0.464381    -0.087159
0.464733    -0.091316
0.465085    -0.095456
0.465437    -0.099573
0.465789    -0.103660
0.466142    -0.107710
0.466494    -0.111718
0.466846    -0.115676
0.467198    -0.119578
0.467550    -0.123418
0.467902    -0.127190
0.468254    -0.130887
0.468606    -0.134503
0.468959    -0.138034
0.469311    -0.141473
0.469663    -0.144816
0.470015    -0.148056
0.470367    -0.151190
0.470719    -0.154212
0.471071    -0.157118
0.471423    -0.159904
0.471776    -0.162567
0.472128    -0.165103
0.472480    -0.167509
0.472832    -0.169783
0.473184    -0.171920
0.473536    -0.173921
0.473888    -0.175782
0.474240    -0.177502
0.474593    -0.179081
0.474945    -0.180517
0.475297    -0.181811
0.475649    -0.182962
0.476001    -0.183970
0.476353    -0.184836
0.476705    -0.185562
0.477057    -0.186148
0.477410    -0.186596
0.477762    -0.186908
0.478114    -0.187086
0.478466    -0.187133
0.478818    -0.187052
0.479170    -0.186845
0.479522    -0.186517
0.479874    -0.186069
0.480227    -0.185507
0.480579    -0.184834
0.480931    -0.184054
0.481283    -0.183172
0.481635    -0.182191
0.481987    -0.181117
0.482339    -0.179954
0.482691    -0.178707
0.483044    -0.177381
0.483396    -0.175980
0.483748    -0.174510
0.484100    -0.172976
0.484452    -0.171383
0.484804    -0.169735
0.485156    -0.168038
0.485508    -0.166297
0.485861    -0.164517
0.486213    -0.162703
0.486565    -0.160860
0.486917    -0.158992
0.487269    -0.157105
0.487621    -0.155203
0.487973    -0.153291
0.488325    -0.151373
0.488678    -0.149454
0.489030    -0.147538
0.489382    -0.145630
0.489734    -0.143733
0.490086    -0.141851
0.490438    -0.139988
0.490790    -0.138149
0.491143    -0.136336
0.491495    -0.134554
0.491847    -0.132804
0.492199    -0.131092
0.492551    -0.129419
0.492903    -0.127788
0.493255    -0.126204
0.493607    -0.124667
0.493960    -0.123181
0.494312    -0.121748
0.494664    -0.120370
0.495016    -0.119050
0.495368    -0.117790
0.495720    -0.116590
0.496072    -0.115454
0.496424    -0.114383
0.496777    -0.113378
0.497129    -0.112441
0.497481    -0.111572
0.497833    -0.110774
0.498185    -0.110047
0.498537    -0.109392
0.498889    -0.108810
0.499241    -0.108302
0.499594    -0.107867
0.499946    -0.107508
0.500298    -0.107224
0.500650    -0.107015
0.501002    -0.106882
0.501354    -0.106825
0.501706    -0.106843
0.502058    -0.106937
0.502411    -0.107107
0.502763    -0.107351
0.503115    -0.107670
0.503467    -0.108064
0.503819    -0.108531
0.504171    -0.109071
0.504523    -0.109683
0.504875    -0.110367
0.505228    -0.111120
0.505580    -0.111944
0.505932    -0.112835
0.506284    -0.113793
0.506636    -0.114816
0.506988    -0.115904
0.507340    -0.117054
0.507692    -0.118265
0.508045    -0.119536
0.508397    -0.120864
0.508749    -0.122247
0.509101    -0.123684
0.509453    -0.125172
0.509805    -0.126710
0.510157    -0.128295
0.510509    -0.129925
0.510862    -0.131596
0.511214    -0.133308
0.511566    -0.135057
0.511918    -0.136841
0.512270    -0.138657
0.512622    -0.140502
0.512974    -0.142373
0.513326    -0.144267
0.513679    -0.146182
0.514031    -0.148115
0.514383    -0.150061
0.514735    -0.152019
0.515087    -0.153985
0.515439    -0.155956
0.515791    -0.157928
0.516143    -0.159899
0.516496    -0.161865
0.516848    -0.163823
0.517200    -0.165769
0.517552    -0.167701
0.517904    -0.169615
0.518256    -0.171508
0.518608    -0.173377
0.518961    -0.175218
0.519313    -0.177029
0.519665    -0.178806
0.520017    -0.180547
0.520369    -0.182248
0.520721    -0.183907
0.521073    -0.185521
0.521425    -0.187088
0.521778    -0.188604
0.522130    -0.190067
0.522482    -0.191476
0.522834    -0.192827
0.523186    -0.194119
0.523538    -0.195350
0.523890    -0.196518
0.524242    -0.197621
0.524595    -0.198659
0.524947    -0.199629
0.525299    -0.200530
0.525651    -0.201362
0.526003    -0.202123
0.526355    -0.202813
0.526707    -0.203432
0.527059    -0.203979
0.527412    -0.204455
0.527764    -0.204858
0.528116    -0.205189
0.528468    -0.205450
0.528820    -0.205639
0.529172    -0.205759
0.529524    -0.205809
0.529876    -0.205792
0.530229    -0.205707
0.530581    -0.205557
0.530933    -0.205344
0.531285    -0.205068
0.531637    -0.204731
0.531989    -0.204336
0.532341    -0.203885
0.532693    -0.203379
0.533046    -0.202821
0.533398    -0.202213
0.533750    -0.201558
0.534102    -0.200858
0.534454    -0.200117
0.534806    -0.199336
0.535158    -0.198518
0.535510    -0.197666
0.535863    -0.196783
0.536215    -0.195872
0.536567    -0.194935
0.536919    -0.193976
0.537271    -0.192998
0.537623    -0.192003
0.537975    -0.190994
0.538327    -0.189974
0.538680    -0.188946
0.539032    -0.187913
0.539384    -0.186877
0.539736    -0.185841
0.540088    -0.184809
0.540440    -0.183782
0.540792    -0.182763
0.541144    -0.181755
0.541497    -0.180759
0.541849    -0.179779
0.542201    -0.178817
0.542553    -0.177875
0.542905    -0.176955
0.543257    -0.176058
0.543609    -0.175188
0.543961    -0.174345
0.544314    -0.173532
0.544666    -0.172750
0.545018    -0.172000
0.545370    -0.171285
0.545722    -0.170605
0.546074    -0.169962
0.546426    -0.169357
0.546779    -0.168791
0.547131    -0.168265
0.547483    -0.167779
0.547835    -0.167336
0.548187    -0.166934
0.548539    -0.166575
0.548891    -0.166260
0.549243    -0.165988
0.549596    -0.165760
0.549948    -0.165576
0.550300    -0.165437
0.550652    -0.165343
0.551004    -0.165292
0.551356    -0.165286
0.551708    -0.165324
0.552060    -0.165406
0.552413    -0.165531
0.552765    -0.165700
0.553117    -0.165911
0.553469    -0.166164
0.553821    -0.166458
0.554173    -0.166794
0.554525    -0.167169
0.554877    -0.167583
0.555230    -0.168036
0.555582    -0.168526
0.555934    -0.169053
0.556286    -0.169615
0.556638    -0.170211
0.556990    -0.170840
0.557342    -0.171502
0.557694    -0.172194
0.558047    -0.172916
0.558399    -0.173666
0.558751    -0.174443
0.559103    -0.175245
0.559455    -0.176072
0.559807    -0.176921
0.560159    -0.177791
0.560511    -0.178681
0.560864    -0.179589
0.561216    -0.180513
0.561568    -0.181452
0.561920    -0.182404
0.562272    -0.183368
0.562624    -0.184342
0.562976    -0.185324
0.563328    -0.186312
0.563681    -0.187306
0.564033    -0.188302
0.564385    -0.189300
0.564737    -0.190297
0.565089    -0.191292
0.565441    -0.192282
0.565793    -0.193268
0.566145    -0.194245
0.566498    -0.195214
0.566850    -0.196171
0.567202    -0.197116
0.567554    -0.198046
0.567906    -0.198960
0.568258    -0.199856
0.568610    -0.200732
0.568962    -0.201587
0.569315    -0.202420
0.569667    -0.203227
0.570019    -0.204009
0.570371    -0.204763
0.570723    -0.205488
0.571075    -0.206183
0.571427    -0.206845
0.571779    -0.207474
0.572132    -0.208068
0.572484    -0.208627
0.572836    -0.209147
0.573188    -0.209630
0.573540    -0.210072
0.573892    -0.210474
0.574244    -0.210834
0.574597    -0.211151
0.574949    -0.211424
0.575301    -0.211652
0.575653    -0.211835
0.576005    -0.211972
0.576357    -0.212062
0.576709    -0.212104
0.577061    -0.212097
0.577414    -0.212042
0.577766    -0.211938
0.578118    -0.211784
0.578470    -0.211580
0.578822    -0.211326
0.579174    -0.211021
0.579526    -0.210665
0.579878    -0.210258
0.580231    -0.209800
0.580583    -0.209291
0.580935    -0.208731
0.581287    -0.208120
0.581639    -0.207458
0.581991    -0.206745
0.582343    -0.205980
0.582695    -0.205166
0.583048    -0.204301
0.583400    -0.203385
0.583752    -0.202420
0.584104    -0.201405
0.584456    -0.200340
0.584808    -0.199227
0.585160    -0.198064
0.585512    -0.196853
0.585865    -0.195594
0.586217    -0.194286
0.586569    -0.192932
0.586921    -0.191530
0.587273    -0.190080
0.587625    -0.188585
0.587977    -0.187042
0.588329    -0.185454
0.588682    -0.183819
0.589034    -0.182139
0.589386     5.573684
0.589738     5.519063
0.590090     5.463733
0.590442     5.407734
0.590794     5.351107
0.591146     5.293894
0.591499     5.236140
0.591851     5.177890
0.592203     5.119189
0.592555     5.060087
0.592907     5.000630
0.593259     4.940869
0.593611     4.880853
0.593963     4.820634
0.594316     4.760262
0.594668     4.699791
0.595020     4.639272
0.595372     4.578759
0.595724     4.518306
0.596076     4.457966
0.596428     4.397793
0.596780     4.337843
0.597133     4.278171
0.597485     4.218833
0.597837     4.159885
0.598189     4.101384
0.598541     4.043388
0.598893     3.985956
0.599245     3.929149
0.599597     3.873029
0.599950     3.817660
0.600302     3.763108
0.600654     3.709443
0.601006     3.656738
0.601358     3.605071
0.601710     3.554524
0.602062     3.505187
0.602415     3.457159
0.602767     3.410546
0.603119     3.365468
0.603471     3.322060
0.603823     3.280474
0.604175     3.240883
0.604527     3.203489
0.604879     3.168526
0.605232     3.136272
0.605584     3.107055
0.605936     37.532507
0.606288     37.342138
0.606640     37.128624
0.606992     36.892472
0.607344     36.634279
0.607696     36.354729
0.608049     36.054589
0.608401     35.734697
0.608753     35.395959
0.609105     35.039343
0.609457     34.665862
0.609809     34.276578
0.610161     33.872583
0.610513     33.454997
0.610866     33.024959
0.611218     32.583617
0.611570     32.132122
0.611922     31.671622
0.612274     31.203251
0.612626     30.728129
0.612978     30.247350
0.613330     29.761983
0.613683     29.273061
0.614035     28.781582
0.614387     28.288504
0.614739     27.794742
0.615091     27.301164
0.615443     26.808594
0.615795     26.317805
0.616147     25.829524
0.616500     25.344425
0.616852     24.863138
0.617204     24.386238
0.617556     23.914257
0.617908     23.447678
0.618260     22.986938
0.618612     22.532430
0.618964     22.084506
0.619317     21.643474
0.619669     21.209607
0.620021     20.783137
0.620373     20.364265
0.620725     19.953156
0.621077     19.549946
0.621429     19.154742
0.621781     18.767625
0.622134     18.388649
0.622486     18.017848
0.622838     17.655234
0.623190     17.300799
0.623542     16.954521
0.623894     16.616359
0.624246     16.286259
0.624598     15.964155
0.624951     15.649971
0.625303     15.343619
0.625655     15.045004
0.626007     14.754023
0.626359     14.470568
0.626711     14.194524
0.627063     13.925774
0.627415     13.664195
0.627768     13.409664
0.628120     13.162055
0.628472     12.921239
0.628824     12.687090
0.629176     12.459479
0.629528     12.238278
0.629880     12.023361
0.630233     11.814602
0.630585     11.611877
0.630937     11.415064
0.631289     11.224043
0.631641     11.038695
0.631993     10.858906
0.632345     10.684564
0.632697     10.515558
0.633050     10.351782
0.633402     10.193132
0.633754     10.039507
0.634106     9.890811
0.634458     9.746949
0.634810     9.607830
0.635162     9.473366
0.635514     9.343473
0.635867     9.218069
0.636219     9.097077
0.636571     8.980420
0.636923     8.868027
0.637275     8.759830
0.637627     8.655762
0.637979     8.555760
0.638331     8.459765
0.638684     8.367718
0.639036     8.279566
0.639388     8.195256
0.639740     8.114740
0.640092     8.037971
0.640444     7.964905
0.640796     7.895500
0.641148     7.829716
0.641501     7.767518
0.641853     7.708870
0.642205     7.653740
0.642557     7.602098
0.642909     7.553915
0.643261     7.509165
0.643613     7.467824
0.643965     7.429871
0.644318     7.395284
0.644670     7.364046
0.645022     7.336139
0.645374     7.311550
0.645726     7.290265
0.646078     7.272274
0.646430     7.257566
0.646782     7.246135
0.647135     7.237974
0.647487     7.233079
0.647839     7.231447
0.648190     7.230433
0.648542     7.227384
0.648894     7.222272
0.649245     7.215059
0.649597     7.205686
0.649949     7.194082
0.650300     7.180163
0.650652     7.163834
0.651004     7.144989
0.651355     7.123516
0.651707     7.099296
0.652058     7.072211
0.652410     7.042137
0.652762     7.008958
0.653113     6.972559
0.653465     6.932833
0.653817     6.889685
0.654168     6.843028
0.654520     6.792794
0.654872     6.738928
0.655223     6.681395
0.655575     6.620177
0.655926     6.555279
0.656278     6.486727
0.656630     6.414568
0.656981     6.338871
0.657333     6.259729
0.657685     6.177253
0.658036     6.091577
0.658388     6.002853
0.658740     5.911252
0.659091     5.816961
0.659443     5.720181
0.659794     5.621125
0.660146     5.520018
0.660498     5.417090
0.660849     5.312581
0.661201     5.206731
0.661553     5.099783
0.661904     4.991981
0.662256     4.883564
0.662608     4.774767
0.662959     4.665820
0.663311     4.556944
0.663662     4.448353
0.664014     4.340250
0.664366     4.232825
0.664717     4.126259
0.665069     4.020719
0.665421     3.916360
0.665772     3.813324
0.666124     3.711738
0.666475     3.611718
0.666827     3.513367
0.667179     3.416774
0.667530     3.322016
0.667882     3.229160
0.668234     3.138259
0.668585     3.049358
0.668937     2.962489
0.669289     2.877676
0.669640     2.794936
0.669992     2.714275
0.670343     2.635692
0.670695     2.559182
0.671047     2.484729
0.671398     2.412317
0.671750     2.341920
0.672102     2.273511
0.672453     2.207059
0.672805     2.142527
0.673157     2.079879
0.673508     2.019073
0.673860     1.960068
0.674211     1.902820
0.674563     1.847284
0.674915     1.793415
0.675266     1.741166
0.675618     1.690490
0.675970     1.641341
0.676321     1.593672
0.676673     1.547437
0.677025     1.502591
0.677376     1.459087
0.677728     1.416883
0.678079     1.375934
0.678431     1.336199
0.678783     1.297635
0.679134     1.260202
0.679486     1.223861
0.679838     1.188573
0.680189     1.154303
0.680541     1.121015
0.680893     1.088673
0.681244     1.057245
0.681596     1.026699
0.681947     0.997004
0.682299     0.968130
0.682651     0.940049
0.683002     0.912734
0.683354     0.886159
0.683706     0.860298
0.684057     0.835128
0.684409     0.810625
0.684760     0.786768
0.685112     0.763536
0.685464     0.740909
0.685815     0.718866
0.686167     0.697391
0.686519     0.676466
0.686870     0.656073
0.687222     0.636197
0.687574     0.616823
0.687925     0.597936
0.688277     0.579523
0.688628     0.561569
0.688980     0.544062
0.689332     0.526990
0.689683     0.510342
0.690035     0.494106
0.690387     0.478271
0.690738     0.462828
0.691090     0.447766
0.691442     0.433076
0.691793     0.418749
0.692145     0.404776
0.692496     0.391149
0.692848     0.377859
0.693200     0.364900
0.693551     0.352263
0.693903     0.339941
0.694255     0.327927
0.694606     0.316214
0.694958     0.304796
0.695310     0.293666
0.695661     0.282818
0.696013     0.272246
0.696364     0.261944
0.696716     0.251905
0.697068     0.242126
0.697419     0.232599
0.697771     0.223320
0.698123     0.214284
0.698474     0.205484
0.698826     0.196917
0.699178     0.188577
0.699529     0.180460
0.699881     0.172560
0.700232     0.164873
0.700584     0.157394
0.700936     0.150118
0.701287     0.143043
0.701639     0.136161
0.701991     0.129471
0.702342     0.122966
0.702694     0.116644
0.703046     0.110499
0.703397     0.104529
0.703749     0.098728
0.704100     0.093092
0.704452     0.087619
0.704804     0.082303
0.705155     0.077142
0.705507     0.072131
0.705859     0.067267
0.706210     0.062546
0.706562     0.057964
0.706913     0.053519
0.707265     0.049205
0.707617     0.045021
0.707968     0.040962
0.708320     0.037026
0.708672     0.033209
0.709023     0.029508
0.709375     0.025919
0.709727     0.022440
0.710078     0.019068
0.710430     0.015799
0.710781     0.012631
0.711133     0.009561
0.711485     0.006586
0.711836     0.003703
0.712188     0.000910
0.712540    -0.001796
0.712891    -0.004418
0.713243    -0.006958
0.713595    -0.009418
0.713946    -0.011801
0.714298    -0.014110
0.714649    -0.016345
0.715001    -0.018511
0.715353    -0.020608
0.715704    -0.022639
0.716056    -0.024606
0.716408    -0.026510
0.716759    -0.028355
0.717111    -0.030140
0.717463    -0.031869
0.717814    -0.033543
0.718166    -0.035164
0.718517    -0.036733
0.718869    -0.038251
0.719221    -0.039721
0.719572    -0.041143
0.719924    -0.042519
0.720276    -0.043851
0.720627    -0.045139
0.720979    -0.046384
0.721331    -0.047589
0.721682    -0.048753
0.722034    -0.049878
0.722385    -0.050965
0.722737    -0.052015
0.723089    -0.053028
0.723440    -0.054006
0.723792    -0.054949
0.724144    -0.055858
0.724495    -0.056734
0.724847    -0.057578
0.725199    -0.058389
0.725550    -0.059169
0.725902    -0.059918
0.726253    -0.060636
0.726605    -0.061325
0.726957    -0.061984
0.727308    -0.062613
0.727660    -0.063214
0.728012    -0.063786
0.728363    -0.064331
0.728715    -0.064847
0.729066    -0.065335
0.729418    -0.065796
0.729770    -0.066230
0.730121    -0.066636
0.730473    -0.067016
0.730825    -0.067369
0.731176    -0.067695
0.731528    -0.067994
0.731880    -0.068267
0.732231    -0.068514
0.732583    -0.068734
0.732934    -0.068928
0.733286    -0.069095
0.733638    -0.069236
0.733989    -0.069351
0.734341    -0.069440
0.734693    -0.069502
0.735044    -0.069539
0.735396    -0.069549
0.735748    -0.069533
0.736099    -0.069491
0.736451    -0.069423
0.736802    -0.069329
0.737154    -0.069208
0.737506    -0.069062
0.737857    -0.068890
0.738209    -0.068691
0.738561    -0.068467
0.738912    -0.068217
0.739264    -0.067941
0.739616    -0.067640
0.739967    -0.067313
0.740319    -0.066960
0.740670    -0.066582
0.741022    -0.066178
0.741374    -0.065750
0.741725    -0.065296
0.742077    -0.064817
0.742429    -0.064314
0.742780    -0.063786
0.743132    -0.063234
0.743484    -0.062657
0.743835    -0.062056
0.744187    -0.061432
0.744538    -0.060784
0.744890    -0.060112
0.745242    -0.059418
0.745593    -0.058701
0.745945    -0.057961
0.746297    -0.057199
0.746648    -0.056415
0.747000    -0.055609
0.747351    -0.054782
0.747703    -0.053934
0.748055    -0.053065
0.748406    -0.052176
0.748758    -0.051266
0.749110    -0.050338
0.749461    -0.049390
0.749813    -0.048423
0.750165    -0.047437
0.750516    -0.046433
0.750868    -0.045412
0.751219    -0.044373
0.751571    -0.043317
0.751923    -0.042244
0.752274    -0.041155
0.752626    -0.040051
0.752978    -0.038931
0.753329    -0.037796
0.753681    -0.036646
0.754033    -0.035482
0.754384    -0.034305
0.754736    -0.033114
0.755087    -0.031909
0.755439    -0.030693
0.755791    -0.029463
0.756142    -0.028222
0.756494    -0.026970
0.756846    -0.025706
0.757197    -0.024432
0.757549    -0.023147
0.757901    -0.021853
0.758252    -0.020548
0.758604    -0.019234
0.758955    -0.017912
0.759307    -0.016580
0.759659    -0.015240
0.760010    -0.013892
0.760362    -0.012537
0.760714    -0.011174
0.761065    -0.009804
0.761417    -0.008427
0.761769    -0.007043
0.762120    -0.005653
0.762472    -0.004258
0.762823    -0.002856
0.763175    -0.001449
0.763527    -0.000036
0.763878     0.001382
0.764230     0.002805
0.764582     0.004232
0.764933     0.005664
0.765285     0.007100
0.765637     0.008540
0.765988     0.009985
0.766340     0.011433
0.766691     0.012884
0.767043     0.014340
0.767395     0.015798
0.767746     0.017260
0.768098     0.018725
0.768450     0.020194
0.768801     0.021664
0.769153     0.023138
0.769504     0.024615
0.769856     0.026094
0.770208     0.027575
0.770559     0.029059
0.770911     0.030546
0.771263     0.032034
0.771614     0.033525
0.771966     0.035018
0.772318     0.036514
0.772669     0.038011
0.773021     0.039510
0.773372     0.041011
0.773724     0.042514
0.774076     0.041836
0.774427     0.041148
0.774778     0.040449
0.775130     0.039739
0.775481     0.039019
0.775833     0.038288
0.776184     0.037547
0.776535     0.036796
0.776887     0.036035
0.777238     0.035264
0.777590     0.034483
0.777941     0.033692
0.778293     0.032892
0.778644     0.032083
0.778995     0.031264
0.779347     0.030436
0.779698     0.029599
0.780050     0.028753
0.780401     0.027898
0.780753     0.027034
0.781104     0.026162
0.781455     0.025281
0.781807     0.024392
0.782158     0.023495
0.782510     0.022590
0.782861     0.021676
0.783212     0.020754
0.783564     0.019825
0.783915     0.018888
0.784267     0.017943
0.784618     0.016990
0.784970     0.016030
0.785321     0.015062
0.785672     0.014087
0.786024     0.013104
0.786375     0.012114
0.786727     0.011117
0.787078     0.010112
0.787430     0.009100
0.787781     0.008081
0.788132     0.007054
0.788484     0.006020
0.788835     0.004979
0.789187     0.003930
0.789538     0.002874
0.789889     0.001811
0.790241     0.000740
0.790592    -0.000339
0.790944    -0.001425
0.791295    -0.002519
0.791647    -0.003621
0.791998    -0.004731
0.792349    -0.005848
0.792701    -0.006974
0.793052    -0.008109
0.793404    -0.009252
0.793755    -0.010403
0.794107    -0.011564
0.794458    -0.012733
0.794809    -0.013912
0.795161    -0.015100
0.795512    -0.016299
0.795864    -0.017507
0.796215    -0.018725
0.796566     0.088692
0.796918     0.088398
0.797269     0.088111
0.797621     0.087831
0.797972     0.087559
0.798324     0.087295
0.798675     0.087039
0.799026     0.086791
0.799378     0.086551
0.799729     0.086320
0.800081     0.086098
0.800432     0.085884
0.800784     0.085680
0.801135     0.085485
0.801486     0.085299
0.801838     0.085123
0.802189     0.084957
0.802541     0.084801
0.802892     0.084655
0.803243     0.084520
0.803595     0.084396
0.803946     0.084283
0.804298     0.084181
0.804649     0.084091
0.805001     0.084013
0.805352     0.083947
0.805703     0.083893
0.806055     0.083852
0.806406     0.083824
0.806758     0.083809
0.807109     0.083807
0.807460     0.083819
0.807812     0.083845
0.808163     0.083886
0.808515     0.083941
0.808866     0.084011
0.809218     0.084096
0.809569     0.084197
0.809920     0.084313
0.810272     0.084446
0.810623     0.084594
0.810975     0.084760
0.811326     0.084942
0.811678     0.085141
0.812029     0.085357
0.812380     0.085591
0.812732     0.085843
0.813083     0.086113
0.813435     0.086401
0.813786     0.086707
0.814137     0.087032
0.814489     0.087376
0.814840     0.087739
0.815192     0.088121
0.815543     0.088523
0.815895     0.088943
0.816246     0.089384
0.816597     0.089844
0.816949     0.090323
0.817300     0.090822
0.817652     0.091341
0.818003     0.091880
0.818355     0.092438
0.818706     0.093016
0.819057     0.093614
0.819409     0.094231
0.819760     0.094868
0.820112     0.095524
0.820463     0.096199
0.820814     0.096893
0.821166     0.097606
0.821517     0.098337
0.821869     0.099087
0.822220     0.099855
0.822572     0.100640
0.822923     0.101443
0.823274     0.102263
0.823626     0.103100
0.823977     0.103953
0.824329     0.104822
0.824680     0.105706
0.825032     0.106606
0.825383     0.107520
0.825734     0.108448
0.826086     0.109390
0.826437     0.110345
0.826789     0.111312
0.827140     0.112292
0.827491     0.113283
0.827843     0.114285
0.828194     0.115297
0.828546     0.116319
0.828897     0.117351
0.829249     0.118391
0.829600     0.119439
0.829951     0.120494
0.830303     0.121557
0.830654     0.122626
0.831006     0.123701
0.831357     0.124781
0.831709     0.125866
0.832060     0.126956
0.832411     0.128050
0.832763     0.129146
0.833114     0.130246
0.833466     0.131349
0.833817     0.132454
0.834168     0.133560
0.834520     0.134669
0.834871     0.135778
0.835223     0.136889
0.835574     0.138001
0.835926     0.139113
0.836277     0.140226
0.836628     0.141339
0.836980     0.142453
0.837331     0.143567
0.837683     0.144682
0.838034     0.145797
0.838386     0.146913
0.838737     0.148031
0.839088     0.149149
0.839440     0.150270
0.839791     0.151392
0.840143     0.152516
0.840494     0.153644
0.840845     0.154775
0.841197     0.155909
0.841548     0.157049
0.841900     0.158193
0.842251     0.159344
0.842603     0.160502
0.842954     0.161667
0.843305     0.162841
0.843657     0.164025
0.844008     0.165219
0.844360     0.166424
0.844711     0.167643
0.845063     0.168875
0.845414     0.170122
0.845765     0.171385
0.846117     0.172666
0.846468     0.173966
0.846820     0.175286
0.847171     0.176627
0.847522     0.177992
0.847874     0.179380
0.848225     0.180795
0.848577     0.182237
0.848928     0.183707
0.849280     0.185208
0.849631     0.186741
0.849982     0.188308
0.850334     0.189909
0.850685     0.191547
0.851037     0.193223
0.851388     0.194939
0.851740     0.196696
0.852091     0.198496
0.852442     0.200340
0.852794     0.202230
0.853145     0.204168
0.853497     0.206154
0.853848     0.208191
0.854199     0.210280
0.854551     0.212422
0.854902     0.214619
0.855254     0.216871
0.855605     0.219181
0.855957     0.221549
0.856308     0.223977
0.856659     0.226466
0.857011     0.229017
0.857362     0.231630
0.857714     0.234308
0.858065     0.237050
0.858417     0.239857
0.858768     0.242731
0.859119     0.245672
0.859471     0.248680
0.859822     0.251756
0.860174     0.254900
0.860525     0.258112
0.860876     0.261394
0.861228     0.264744
0.861579     0.268163
0.861931     0.271651
0.862282     0.275207
0.862634     0.278832
0.862985     0.282524
0.863336     0.286284
0.863688     0.290110
0.864039     0.294002
0.864391     0.297959
0.864742     0.301980
0.865093     0.306064
0.865445     0.310210
0.865796     0.314417
0.866148     0.318682
0.866499     0.323005
0.866851     0.327385
0.867202     0.331818
0.867553     0.336304
0.867905     0.340841
0.868256     0.345426
0.868608     0.350058
0.868959     0.354734
0.869311     0.359452
0.869662     0.364211
0.870013     0.369006
0.870365     0.373837
0.870716     0.378701
0.871068     0.383594
0.871419     0.388515
0.871770     0.393460
0.872122     0.398428
0.872473     0.403415
0.872825     0.408419
0.873176     0.413437
0.873528     0.418466
0.873879     0.423503
0.874230     0.428547
0.874582     0.433593
0.874933     0.438640
0.875285     0.443685
0.875636     0.448725
0.875988     0.453758
0.876339     0.458781
0.876690     0.463792
0.877042     0.468788
0.877393     0.473767
0.877745     0.478727
0.878096     0.483666
0.878447     0.488582
0.878799     0.493472
0.879150     0.498336
0.879502     0.503171
0.879853     0.507976
0.880205     0.512748
0.880556     0.517488
0.880907     0.522194
0.881259     0.526864
0.881610     0.531497
0.881962     0.536093
0.882313     0.540652
0.882665     0.545171
0.883016     0.549652
0.883367     0.554093
0.883719     0.558495
0.884070     0.562857
0.884422     0.567179
0.884773     0.571462
0.885124     0.575706
0.885476     0.579911
0.885827     0.584078
0.886179     0.588207
0.886530     0.592300
0.886882     0.596356
0.887233     0.600377
0.887584     0.604364
0.887936     0.608318
0.888287     0.612240
0.888639     0.616132
0.888990     0.619993
0.889342     0.623827
0.889693     0.627633
0.890044     0.631414
0.890396     0.635171
0.890747     0.638905
0.891099     0.642617
0.891450     0.646310
0.891801     0.649984
0.892153     0.653641
0.892504     0.657281
0.892856     0.660908
0.893207     0.664520
0.893559     0.668120
0.893910     0.671710
0.894261     0.675289
0.894613     0.678858
0.894964     0.682420
0.895316     0.685974
0.895667     0.689521
0.896019     0.693062
0.896370     0.696596
0.896721     0.700126
0.897073     0.703649
0.897424     0.707168
0.897776     0.710681
0.898127     0.714188
0.898478     0.717690
0.898830     0.721185
0.899181     0.724672
0.899533     0.728152
0.899884     0.731623
0.900236     0.735084
0.900587     0.738533
0.900938     0.741970
0.901290     0.745393
0.901641     0.748799
0.901993     0.752187
0.902344     0.755556
0.902696     0.758902
0.903047     0.762224
0.903398     0.765519
0.903750     0.768785
0.904101     0.772019
0.904453     0.775217
0.904804     0.778378
0.905155     0.781498
0.905507     0.784574
0.905858     0.787604
0.906210     0.790582
0.906561     0.793507
0.906913     0.796375
0.907264     0.799183
0.907615    -0.056460
0.907967    -0.056582
0.908318    -0.056676
0.908670    -0.056742
0.909021    -0.056779
0.909373    -0.056789
0.909724    -0.056770
0.910075    -0.056724
0.910427    -0.056649
0.910778    -0.056548
0.911130    -0.056419
0.911481    -0.056263
0.911832    -0.056082
0.912184    -0.055874
0.912535    -0.055641
0.912887    -0.055382
0.913238    -0.055100
0.913590    -0.054794
0.913941    -0.054465
0.914292    -0.054114
0.914644    -0.053741
0.914995    -0.053347
0.915347    -0.052934
0.915698    -0.052501
0.916050    -0.052050
0.916401    -0.051582
0.916752    -0.051097
0.917104    -0.050597
0.917455    -0.050083
0.917807    -0.049555
0.918158    -0.049014
0.918509    -0.048462
0.918861    -0.047899
0.919212    -0.047326
0.919564    -0.046745
0.919915    -0.046157
0.920267    -0.045562
0.920618    -0.044961
0.920969    -0.044356
0.921321    -0.043747
0.921672    -0.043135
0.922024    -0.042522
0.922375    -0.041909
0.922726    -0.041295
0.923078    -0.040682
0.923429    -0.040072
0.923781    -0.039464
0.924132    -0.038860
0.924484    -0.038260
0.924835    -0.037666
0.925186    -0.037077
0.925538    -0.036496
0.925889    -0.035922
0.926241    -0.035355
0.926592    -0.034798
0.926944    -0.034250
0.927295    -0.033711
0.927646    -0.033183
0.927998    -0.032666
0.928349    -0.032160
0.928701    -0.031667
0.929052    -0.031185
0.929403    -0.030716
0.929755    -0.030260
0.930106    -0.029817
0.930458    -0.029388
0.930809    -0.028972
0.931161    -0.028571
0.931512    -0.028184
0.931863    -0.027811
0.932215    -0.027453
0.932566    -0.027109
0.932918    -0.026781
0.933269    -0.026467
0.933621    -0.026168
0.933972    -0.025885
0.934323    -0.025616
0.934675    -0.025362
0.935026    -0.025124
0.935378    -0.024900
0.935729    -0.024692
0.936080    -0.024498
0.936432    -0.024320
0.936783    -0.024156
0.937135    -0.024007
0.937486    -0.023872
0.937838    -0.023753
0.938189    -0.023647
0.938540    -0.023557
0.938892    -0.023480
0.939243    -0.023418
0.939595    -0.023369
0.939946    -0.023335
0.940298    -0.023315
0.940649    -0.023308
0.941000    -0.023315
0.941352    -0.023336
0.941703    -0.023370
0.942055    -0.023417
0.942406    -0.023478
0.942757    -0.023552
0.943109    -0.023639
0.943460    -0.023739
0.943812    -0.023852
0.944163    -0.023977
0.944515    -0.024115
0.944866    -0.024266
0.945217    -0.024430
0.945569    -0.024606
0.945920    -0.024794
0.946272    -0.024994
0.946623    -0.025207
0.946975    -0.025432
0.947326    -0.025669
0.947677    -0.025918
0.948029    -0.026179
0.948380    -0.026451
0.948732    -0.026735
0.949083    -0.027031
0.949434    -0.027338
0.949786    -0.027656
0.950137    -0.027986
0.950489    -0.028327
0.950840    -0.028678
0.951192    -0.029041
0.951543    -0.029413
0.951894    -0.029797
0.952246    -0.030190
0.952597    -0.030593
0.952949    -0.031006
0.953300    -0.031428
0.953652    -0.031859
0.954003    -0.032299
0.954354    -0.032747
0.954706    -0.033204
0.955057    -0.033667
0.955409    -0.034139
0.955760    -0.034616
0.956111    -0.035100
0.956463    -0.035590
0.956814    -0.036085
0.957166    -0.036585
0.957517    -0.037089
0.957869    -0.037596
0.958220    -0.038105
0.958571    -0.038617
0.958923    -0.039130
0.959274    -0.039643
0.959626    -0.040156
0.959977    -0.040667
0.960329    -0.041177
0.960680    -0.041683
0.961031    -0.042185
0.961383    -0.042682
0.961734    -0.043173
0.962086    -0.043656
0.962437    -0.044131
0.962788    -0.044597
0.963140    -0.045052
0.963491    -0.045495
0.963843    -0.045926
0.964194    -0.046341
0.964546    -0.046742
0.964897    -0.047125
0.965248    -0.047490
0.965600    -0.047836
0.965951    -0.048160
0.966303    -0.048463
0.966654    -0.048741
0.967006    -0.048995
0.967357    -0.049222
0.967708    -0.049422
0.968060    -0.049593
0.968411    -0.049733
0.968763    -0.049841
0.969114    -0.049916
0.969465    -0.049957
0.969817    -0.049962
0.970168    -0.049930
0.970520    -0.049860
0.970871    -0.049751
0.971223    -0.049601
0.971574    -0.049410
0.971925    -0.049176
0.972277    -0.048899
0.972628    -0.048577
0.972980    -0.048210
0.973331    -0.047797
0.973683    -0.047337
0.974034    -0.046830
0.974385    -0.046275
0.974737    -0.045672
0.975088    -0.045020
0.975440    -0.044319
0.975791    -0.043569
0.976142    -0.042770
0.976494    -0.041922
0.976845    -0.041025
0.977197    -0.040079
0.977548    -0.039085
0.977900    -0.038044
0.978251    -0.036955
0.978602    -0.035820
0.978954    -0.034640
0.979305    -0.033415
0.979657    -0.032147
0.980008    -0.030837
0.980359    -0.029486
0.980711    -0.028096
0.981062    -0.026669
0.981414    -0.025207
0.981765    -0.023710
0.982117    -0.022183
0.982468    -0.020625
0.982819    -0.019041
0.983171    -0.017432
0.983522    -0.015801
0.983874    -0.014150
0.984225    -0.012483
0.984577    -0.010802
0.984928    -0.009110
0.985279    -0.007411
0.985631    -0.005707
0.985982    -0.004002
0.986334    -0.002299
0.986685    -0.000601
0.987036     0.001087
0.987388     0.002763
0.987739     0.004422
0.988091     0.006061
0.988442     0.007676
0.988794     0.009264
0.989145     0.010821
0.989496     0.012342
0.989848     0.013825
0.990199     0.015265
0.990551     0.016658
0.990902     0.018001
0.991254     0.019289
0.991605     0.020520
0.991956     0.021689
0.992308     0.022793
0.992659     0.023828
0.993011     0.024791
0.993362     0.025678
0.993713     0.026485
0.994065     0.027210
0.994416     0.027850
0.994768     0.028400
0.995119     0.028859
0.995471     0.029223
0.995822     0.029489
0.996173     0.029656
0.996525     0.029719
0.996876     0.029677
0.997228     0.029528
0.997579     0.029268
0.997931     0.028897
0.998282     0.028412
0.998633     0.027812
0.998985     0.027094
0.999336     0.026257
0.999688     0.025299
1.000039     0.024219
1.000390     0.023017
1.000742     0.021689
1.001093     0.020237
1.001445     0.018657
1.001796     0.016951
1.002148     0.015116
1.002499     0.013151
1.002850     0.011057
1.003202     0.008833
1.003553     0.006478
1.003905     0.003991
1.004256     0.001372
1.004608    -0.001380
1.004959    -0.004264
1.005310    -0.007282
1.005662    -0.010433
1.006013    -0.013719
1.006365    -0.017139
1.006716    -0.020694
1.007067    -0.024384
1.007419    -0.028209
1.007770    -0.032170
1.008122    -0.036267
1.008473    -0.040500
1.008825    -0.044870
1.009176    -0.049377
1.009527    -0.054020
1.009879    -0.058801
1.010230    -0.063718
1.010582    -0.068773
1.010933    -0.073964
1.011285    -0.079293
1.011636    -0.084758
1.011987    -0.090359
1.012339    -0.096096
1.012690    -0.101968
1.013042    -0.107973
1.013393    -0.114112
1.013744    -0.120381
1.014096    -0.126779
1.014447    -0.133305
1.014799    -0.139956
1.015150    -0.146728
1.015502    -0.153618
1.015853    -0.160624
1.016204    -0.167739
1.016556    -0.174959
1.016907    -0.182279
1.017259    -0.189693
1.017610    -0.197192
1.017962    -0.204770
1.018313    -0.212418
1.018664    -0.220127
1.019016    -0.227886
1.019367    -0.235684
1.019719    -0.243509
1.020070    -0.251348
1.020421    -0.259186
1.020773    -0.267009
1.021124    -0.274799
1.021476    -0.282541
1.021827    -0.290216
1.022179    -0.297803
1.022530    -0.305284
1.022881    -0.312636
1.023233    -0.319837
1.023584    -0.326864
1.023936    -0.333694
1.024287    -0.340301
1.024639    -0.346659
1.024990    -0.352745
1.025341    -0.358530
1.025693    -0.363988
1.026044    -0.369093
1.026396    -0.373819
1.026747    -0.378138
1.027098    -0.382025
1.027450    -0.385454
1.027801    -0.388401
1.028153    -0.390842
1.028504    -0.392754
1.028856    -0.394116
1.029207    -0.394908
1.029558    -0.395114
1.029910    -0.394717
1.030261    -0.393703
1.030613    -0.392060
1.030964    -0.389781
1.031316    -0.386859
1.031667    -0.383289
1.032018    -0.379072
1.032370    -0.374209
1.032721    -0.368704
1.033073    -0.362567
1.033424    -0.355807
1.033775    -0.348439
1.034127    -0.340477
1.034478    -0.331943
1.034830    -0.322856
1.035181    -0.313241
1.035533    -0.303125
1.035884    -0.292535
1.036235    -0.281501
1.036587    -0.270057
1.036938    -0.258234
1.037290    -0.246068
1.037641    -0.233593
1.037992    -0.220846
1.038344    -0.207863
1.038695    -0.194681
1.039047    -0.181337
1.039398    -0.167867
1.039750    -0.154308
1.040101    -0.140695
1.040452    -0.127062
1.040804    -0.113443
1.041155    -0.099871
1.041507    -0.086378
1.041858    -0.072992
1.042210    -0.059743
1.042561    -0.046658
1.042912    -0.033761
1.043264    -0.021077
1.043615    -0.008628
1.043967     0.003565
1.044318     0.015485
1.044669     0.027113
1.045021     0.038433
1.045372     0.049433
1.045724     0.060098
1.046075     0.070418
1.046427     0.080383
1.046778     0.089984
1.047129     0.099214
1.047481     0.108066
1.047832     0.116535
1.048184     0.124617
1.048535     0.132308
1.048887     0.139605
1.049238     0.146508
1.049589     0.153013
1.049941     0.159120
1.050292     0.164829
1.050644     0.170140
1.050995     0.175052
1.051346     0.179567
1.051698     0.183686
1.052049     0.187408
1.052401     0.190735
1.052752     0.193668
1.053104     0.196207
1.053455     0.198355
1.053806     0.200110
1.054158     0.201475
1.054509     0.202449
1.054861     0.203034
1.055212     0.203228
