7.782  7.280  2.495  4.117  
7.921  6.814  6.714  8.515  
7.398  0.905  7.288  0.470  
6.053  2.310  6.671  9.283  
2.101  6.011  9.454  0.239  
7.586  5.021  1.403  3.634  
0.796  2.068  4.971  2.254  
0.712  6.076  0.704  2.022  
6.747  1.703  9.590  0.710  
4.886  9.169  3.412  6.164  
3.541  2.578  2.977  1.670  
4.563  6.787  3.508  0.842  
3.504  6.711  5.527  5.262  
8.475  7.133  9.196  8.163  
4.070  1.558  5.021  6.054  
2.453  3.589  0.062  8.648  
3.363  1.074  6.799  8.881  
7.206  6.941  4.562  2.550  
7.219  0.842  4.517  4.463  
1.098  5.505  7.608  2.860  
7.219  8.657  2.983  7.230  
9.993  0.879  0.218  0.583  
5.510  4.804  5.856  2.958  
6.643  8.261  2.995  0.149  
9.385  7.803  4.488  5.412  
1.491  8.537  9.189  2.844  
5.126  3.574  0.044  1.345  
6.778  2.035  4.607  6.539  
2.281  5.336  8.640  0.630  
8.432  1.557  7.094  1.263  
9.226  1.515  4.368  8.099  
5.593  0.540  9.640  9.014  
8.447  8.183  2.999  7.815  
3.486  3.814  8.541  8.325  
1.896  4.384  1.237  3.089  
7.433  2.293  7.141  7.811  
8.601  3.450  6.300  9.256  
2.664  8.214  6.405  1.945  
5.331  8.286  5.878  5.032  
9.933  9.087  0.783  2.466  
6.483  0.211  7.034  8.302  
8.497  3.629  4.804  2.790  
2.310  6.064  8.160  7.864  
4.324  0.323  9.390  1.566  
4.224  2.295  6.174  5.964  
2.317  8.177  2.761  5.103  
3.593  2.003  9.358  4.852  
8.433  7.306  0.084  1.771  
2.952  2.659  1.316  2.548  
5.218  8.035  3.557  1.841  
5.878  4.711  1.059  2.848  
9.341  1.508  8.635  6.536  
4.714  0.277  8.901  7.003  
2.274  0.165  6.355  7.648  
0.439  1.815  5.863  9.309  
8.362  0.564  6.922  6.684  
7.908  2.764  1.711  9.574  
4.514  2.183  2.772  3.579  
1.164  7.817  6.631  7.750  
2.547  8.776  8.181  3.594  
4.845  1.784  9.606  5.567  
2.034  3.889  8.400  7.049  
4.182  0.480  7.092  8.809  
8.102  8.105  5.309  4.194  
7.478  0.594  6.314  9.194  
1.185  2.154  7.747  4.563  
0.151  3.196  9.393  8.064  
1.578  2.472  7.988  7.835  
8.629  2.350  1.319  7.280  
4.806  7.283  2.763  8.720  
0.586  7.984  2.484  8.840  
0.090  2.602  4.968  3.442  
3.053  8.640  6.368  1.656  
2.437  5.402  9.563  9.318  
3.020  5.750  8.863  8.229  
3.702  6.737  0.490  0.447  
3.381  6.523  9.009  0.217  
8.401  6.357  0.408  1.687  
7.358  8.074  9.515  9.841  
2.619  7.759  0.944  8.136  
5.814  3.663  0.333  7.184  
5.243  8.457  6.694  5.339  
5.203  4.352  2.652  3.273  
8.742  0.575  3.730  5.009  
8.076  3.105  8.115  3.852  
6.087  8.086  2.898  3.367  
3.749  5.343  1.444  1.782  
6.370  8.329  0.582  9.571  
2.742  1.433  7.731  7.127  
7.500  3.746  1.752  9.581  
8.204  2.133  1.639  0.208  
3.510  0.399  1.000  8.897  
4.908  0.909  9.131  4.304  
1.550  1.167  2.912  9.550  
9.459  6.677  9.543  4.867  
1.202  1.431  7.499  3.112  
6.197  3.989  8.299  1.905  
5.940  2.227  9.469  7.239  
5.182  1.438  1.823  7.034  
6.933  5.103  5.982  5.624  
4.679  4.063  1.268  7.250  
1.932  5.293  8.761  9.074  
0.988  4.939  4.092  5.386  
0.622  2.570  4.325  6.747  
4.774  9.152  8.461  7.356  
8.137  5.735  2.087  1.770  
6.597  5.519  5.056  2.709  
9.408  2.261  5.114  5.840  
5.432  6.953  1.990  3.444  
7.837  0.251  1.468  3.448  
5.158  5.454  0.069  2.637  
0.066  1.207  9.361  6.088  
2.260  4.882  7.549  3.839  
2.652  0.694  9.599  6.454  
9.139  1.024  3.116  0.229  
0.094  2.710  3.185  8.108  
4.974  2.160  9.725  5.416  
6.855  2.093  4.265  3.701  
9.506  8.307  7.044  2.774  
9.490  1.171  3.320  4.549  
9.879  3.350  2.784  0.339  
2.272  0.184  3.391  2.906  
5.209  3.420  8.556  3.648  
2.471  8.533  5.872  1.019  
5.124  7.775  4.382  1.164  
1.307  3.215  4.296  9.291  
2.695  1.318  4.409  9.771  
4.575  3.071  3.775  4.941  
6.531  9.752  4.786  0.370  
9.484  7.952  6.023  5.120  
1.274  8.258  7.053  8.359  
8.163  1.160  6.453  2.898  
1.738  2.579  7.667  2.416  
8.955  8.757  2.884  0.209  
8.684  8.303  4.078  5.021  
6.317  3.304  2.177  2.918  
9.366  4.222  1.320  3.859  
1.768  2.899  5.071  1.767  
0.208  5.393  9.996  9.956  
3.964  9.091  7.416  3.528  
6.844  1.258  8.637  9.923  
9.282  2.198  4.345  0.797  
4.110  3.536  3.316  4.451  
5.522  2.521  1.141  7.068  
0.889  9.113  4.263  8.239  
5.040  2.169  1.524  8.449  
4.404  6.283  8.916  4.697  
6.086  3.849  2.787  0.491  
1.258  4.338  1.238  3.484  
6.571  4.772  0.851  3.065  
3.320  0.295  9.697  5.992  
5.589  6.359  6.155  4.902  
6.252  7.182  5.430  6.711  
4.340  9.302  2.501  9.558  
6.891  5.848  4.418  8.667  
8.500  3.537  3.703  3.626  
5.088  1.953  0.377  4.367  
7.695  5.465  3.300  3.889  
8.222  2.754  7.417  1.889  
5.572  4.856  4.266  8.562  
1.436  6.320  3.138  2.783  
4.700  9.751  3.598  6.562  
9.727  2.911  4.076  8.836  
2.607  3.831  8.328  2.753  
5.660  0.366  7.956  1.516  
7.079  6.018  0.495  7.339  
1.954  9.526  1.575  7.418  
8.228  4.386  4.853  0.565  
4.698  9.304  4.708  2.134  
9.119  9.494  9.428  2.473  
7.638  7.022  4.591  4.521  
9.420  5.383  6.053  4.975  
5.538  7.409  8.639  4.252  
1.648  9.496  0.137  2.724  
4.817  8.728  4.428  1.585  
8.326  4.198  2.510  5.467  
2.376  8.897  3.358  0.780  
9.156  9.281  8.114  4.256  
8.652  6.114  5.146  2.616  
2.606  2.316  3.396  2.513  
3.254  9.351  7.573  8.510  
3.534  0.832  0.929  7.995  
8.127  8.103  2.335  3.669  
8.828  8.543  8.255  7.697  
1.354  0.281  6.812  0.385  
6.932  3.872  1.874  8.536  
9.866  3.967  6.854  4.319  
4.812  4.148  9.174  4.182  
0.558  3.018  0.527  1.126  
2.885  6.582  9.303  4.063  
1.107  1.163  3.197  6.040  
7.130  0.307  6.673  6.289  
5.409  5.706  5.720  6.374  
7.232  2.329  9.002  1.910  
8.009  5.665  9.614  6.221  
2.813  2.817  8.434  5.897  
2.393  3.780  6.984  5.102  
5.050  9.674  6.992  9.301  
7.469  2.729  6.781  3.507  
2.753  7.704  5.298  6.462  
5.590  0.859  0.855  3.063  
5.811  1.138  9.035  2.744  
8.972  5.124  2.427  2.119  
5.876  4.881  2.253  6.656  
6.207  7.544  6.132  0.072  
4.955  7.405  4.754  6.557  
0.929  2.388  1.589  6.822  
4.285  9.908  6.128  7.355  
4.915  3.057  8.209  2.690  
8.688  5.711  4.224  1.767  
1.947  6.047  4.785  3.995  
7.679  9.372  2.759  3.333  
8.565  1.494  5.617  3.203  
2.649  2.826  5.747  9.092  
2.490  2.853  6.784  8.493  
0.050  1.931  6.543  4.744  
6.928  4.950  9.135  9.165  
3.688  2.518  2.072  0.710  
2.156  6.189  3.328  0.724  
6.119  9.426  5.461  7.815  
3.531  7.657  9.417  8.355  
7.869  3.321  2.964  1.268  
1.904  3.058  9.521  3.099  
4.648  3.604  7.409  8.639  
7.764  3.235  1.737  4.305  
4.249  1.054  7.806  0.210  
5.486  1.997  3.091  5.260  
1.757  3.504  0.597  3.549  
4.590  0.770  1.726  2.981  
3.829  1.878  6.575  8.300  
5.795  4.796  1.611  9.970  
6.938  2.222  9.253  4.941  
6.522  3.089  7.444  0.511  
3.441  9.767  4.546  4.905  
6.740  6.495  4.883  3.439  
9.332  7.211  7.394  7.431  
5.055  6.674  1.174  0.205  
4.968  9.572  9.510  8.669  
3.429  3.821  2.478  6.445  
3.193  1.795  5.066  9.893  
9.159  5.913  7.447  1.774  
4.764  7.984  0.457  1.373  
8.584  8.339  2.607  3.695  
2.208  5.432  2.871  1.468  
6.817  3.485  4.535  9.643  
8.747  6.045  5.377  6.408  
4.884  5.976  0.813  9.487  
7.849  4.272  7.710  7.721  
6.423  2.349  5.554  7.298  
1.830  5.729  8.842  2.999  
9.851  7.691  6.416  1.862  
6.374  3.624  8.161  2.795  
2.059  6.134  8.049  0.404  
4.583  9.024  5.214  4.218  
2.789  2.026  7.863  7.961  
8.544  8.621  0.209  7.399  
7.969  0.671  8.606  2.316  
7.101  0.397  0.486  8.707  
8.402  7.001  4.428  5.370  
9.836  6.738  5.558  8.332  
2.401  7.049  2.006  9.417  
1.694  0.626  4.127  8.074  
2.525  5.173  7.855  6.685  
1.419  9.080  7.379  9.954  
0.386  8.363  4.333  0.430  
1.350  7.575  2.884  3.235  
2.447  7.471  0.022  6.351  
4.865  6.005  0.887  7.791  
7.068  8.303  6.534  1.543  
6.762  6.878  2.077  4.561  
0.962  1.889  8.086  4.719  
0.597  3.937  3.208  3.730  
3.740  2.098  8.641  3.708  
4.275  3.203  9.505  9.962  
9.666  2.285  7.126  6.318  
1.247  6.752  8.381  1.434  
7.721  1.352  4.049  6.019  
1.753  1.462  2.541  4.220  
4.131  1.553  7.889  8.845  
1.086  3.760  9.823  7.369  
6.960  2.138  3.711  8.208  
3.284  3.992  8.721  8.330  
1.863  0.044  4.662  1.997  
5.129  2.326  8.189  3.577  
3.071  1.455  9.289  4.327  
6.609  6.431  7.471  5.087  
8.265  3.404  5.143  1.536  
1.890  6.780  8.981  7.287  
0.979  9.788  8.617  5.666  
4.844  3.321  1.558  3.684  
6.733  5.153  3.429  4.104  
7.702  6.733  1.036  1.723  
5.715  0.275  5.792  4.778  
8.044  7.234  6.090  2.083  
2.301  5.743  2.972  7.960  
0.041  2.096  3.197  6.482  
3.878  8.614  9.940  0.235  
6.712  6.376  2.814  3.902  
5.781  7.098  9.201  6.587  
1.390  1.387  1.701  5.425  
2.622  6.898  7.849  6.120  
6.973  4.227  6.202  3.073  
9.103  6.217  9.269  9.004  
1.695  9.203  5.032  1.389  
0.996  4.352  7.783  3.333  
0.822  4.577  3.515  3.064  
2.884  2.699  0.621  1.025  
4.776  8.325  4.432  7.377  
7.490  5.682  2.173  4.622  
7.268  5.868  3.986  0.382  
3.071  0.057  1.588  8.681  
6.204  0.649  3.146  1.922  
2.324  1.558  4.142  6.483  
8.548  9.670  8.872  0.048  
0.274  8.092  2.487  3.440  
4.201  8.705  8.077  3.226  
8.670  3.125  2.039  5.970  
5.597  7.514  4.675  5.335  
1.628  9.435  4.156  5.143  
3.550  1.103  6.508  3.886  
1.126  1.215  5.258  5.304  
0.740  0.749  2.520  4.728  
7.402  4.864  5.435  1.558  
3.338  0.984  9.342  4.344  
0.860  2.839  6.681  0.102  
9.465  4.273  9.749  6.156  
3.129  5.305  6.303  8.252  
6.386  7.256  6.441  5.599  
0.591  3.694  2.088  8.300  
1.402  8.151  3.177  5.628  
3.420  7.614  2.819  1.650  
3.681  3.943  6.932  5.783  
5.591  0.067  4.682  0.174  
3.145  9.143  4.784  9.900  
6.687  4.595  3.060  1.212  
8.101  4.737  2.047  2.727  
8.360  5.810  1.127  3.632  
5.477  1.070  2.576  6.143  
6.305  0.640  1.650  3.690  
3.347  5.856  4.038  4.103  
2.965  4.575  2.549  2.120  
5.540  3.244  8.520  7.420  
7.398  9.433  6.787  0.763  
2.316  9.972  0.754  6.278  
3.189  1.617  6.438  5.129  
4.462  1.103  8.616  9.681  
7.072  3.631  9.389  9.768  
5.970  9.085  2.492  9.286  
9.212  9.463  9.559  2.495  
5.829  2.799  7.645  6.035  
5.019  5.858  8.701  2.166  
7.530  8.240  9.247  2.689  
6.293  3.477  5.183  2.554  
8.629  9.687  5.202  8.935  
6.661  1.106  5.335  3.426  
0.014  7.774  0.713  7.577  
6.523  4.177  5.381  0.582  
2.753  6.597  2.964  8.291  
4.782  1.167  5.944  2.354  
0.688  6.523  9.866  3.255  
1.655  5.835  0.831  0.886  
5.140  7.163  8.638  2.568  
8.696  4.556  1.994  3.039  
4.748  3.811  9.812  8.045  
6.303  0.987  7.914  4.048  
7.409  8.746  2.918  4.240  
1.476  0.375  0.851  7.963  
6.368  4.733  0.586  9.344  
3.893  7.452  7.577  6.017  
3.234  2.964  4.054  4.368  
6.641  9.477  4.355  2.484  
4.327  6.029  7.898  5.013  
5.006  8.267  3.942  6.976  
2.406  2.932  4.279  5.520  
5.893  9.781  4.686  0.998  
7.906  1.970  5.978  0.616  
9.928  4.448  7.903  2.124  
1.585  2.022  4.304  1.449  
5.829  5.068  8.614  7.436  
8.611  6.143  6.333  3.977  
6.158  7.955  4.889  4.471  
5.996  4.624  4.924  2.846  
2.741  9.465  0.066  5.321  
2.734  6.434  6.070  0.077  
6.379  8.175  6.604  7.061  
5.345  2.359  8.308  4.194  
2.368  0.396  4.590  5.628  
8.456  4.473  1.846  9.062  
0.055  5.472  5.239  1.064  
8.989  3.282  7.510  9.533  
3.679  6.377  8.321  9.193  
8.283  8.225  2.174  6.824  
8.834  8.752  6.294  4.542  
2.560  1.740  9.620  6.691  
8.885  0.944  5.213  0.654  
5.203  2.153  5.040  2.960  
2.836  7.256  0.915  4.472  
9.088  9.083  6.786  6.061  
6.740  8.595  2.287  7.923  
6.192  3.043  3.743  5.267  
0.789  1.763  9.951  6.472  
0.773  2.467  3.449  7.123  
5.802  1.021  0.945  8.166  
4.417  4.022  5.457  8.948  
8.169  1.908  9.757  3.561  
4.155  8.407  7.020  5.560  
9.363  6.300  4.568  7.842  
3.701  5.697  1.624  7.276  
3.138  8.550  9.373  3.017  
6.615  2.840  4.782  2.806  
0.516  4.199  5.703  6.030  
1.501  8.059  6.305  7.828  
9.319  3.065  8.950  4.997  
0.317  6.648  5.832  1.072  
9.572  8.357  8.427  3.593  
1.013  4.336  1.016  6.568  
7.100  9.667  4.829  4.160  
9.117  3.303  3.242  6.868  
9.514  4.142  8.347  0.185  
5.563  6.263  3.913  4.873  
4.906  8.834  0.580  4.162  
8.975  0.147  7.437  5.643  
6.548  2.379  6.450  4.357  
8.863  5.145  8.795  7.875  
6.890  5.966  0.434  7.930  
5.858  3.276  5.805  2.831  
7.434  5.727  0.572  2.560  
2.006  5.792  9.473  7.445  
1.925  5.453  1.167  9.734  
4.224  9.104  4.099  6.024  
0.090  6.938  9.162  7.654  
1.175  9.165  6.717  3.931  
4.209  0.023  5.366  1.428  
0.180  7.392  4.692  5.934  
2.426  7.477  5.066  6.093  
0.627  0.409  0.869  1.275  
6.966  7.873  1.294  6.719  
9.851  4.381  8.478  5.540  
3.179  4.506  5.944  5.828  
3.711  5.546  0.096  8.978  
2.125  4.148  0.862  2.628  
6.718  8.990  7.438  9.679  
4.150  4.925  7.613  3.505  
9.706  1.493  3.519  2.445  
0.726  6.580  8.534  3.839  
2.890  1.803  8.901  2.946  
0.431  4.488  2.339  2.931  
4.209  3.981  0.219  0.144  
2.169  6.275  1.391  7.255  
1.231  7.815  8.664  1.193  
4.416  7.998  4.515  3.063  
4.195  8.152  2.523  4.032  
1.245  6.108  0.331  7.497  
1.215  7.989  1.239  5.733  
4.691  1.838  7.997  4.627  
4.488  8.665  9.267  4.688  
2.591  6.843  4.136  5.722  
0.217  0.987  0.803  1.741  
6.395  7.092  9.363  1.429  
8.018  4.395  3.766  9.809  
6.109  1.773  2.337  1.959  
1.142  4.432  5.309  1.799  
5.742  4.882  7.680  9.658  
2.328  9.924  4.270  5.555  
8.782  0.791  8.026  8.784  
8.464  5.929  1.513  6.807  
6.106  9.508  1.789  0.920  
8.977  8.330  1.336  4.059  
6.880  4.212  2.286  6.535  
8.420  8.324  6.837  7.134  
2.363  2.830  7.517  6.962  
9.298  4.107  3.713  5.965  
6.068  8.211  4.735  4.520  
1.276  2.278  3.897  8.923  
6.201  2.296  7.680  6.783  
7.845  3.612  7.413  6.546  
1.687  1.748  6.563  6.273  
4.914  5.900  8.257  5.261  
3.367  9.333  3.705  2.238  
9.011  6.167  9.075  8.123  
4.578  0.650  3.315  0.352  
2.492  5.582  0.517  1.330  
4.579  6.410  9.230  2.060  
8.884  4.921  7.533  4.004  
6.456  7.550  4.763  6.297  
3.326  0.504  8.635  4.832  
3.262  8.397  5.351  6.034  
8.204  1.094  6.827  8.944  
8.224  8.916  1.237  9.981  
6.667  2.395  6.801  5.048  
5.300  7.943  3.870  8.427  
4.321  3.289  3.596  4.998  
9.801  3.591  1.462  9.107  
8.805  1.814  0.468  6.316  
7.513  4.044  1.940  9.042  
9.148  5.436  4.378  8.633  
8.126  7.526  8.128  3.774  
9.836  5.499  1.377  7.140  
0.385  5.397  0.191  1.019  
7.736  1.343  5.256  5.689  
7.801  2.910  0.539  7.273  
9.258  7.576  5.116  8.653  
6.937  4.343  5.257  9.014  
8.288  2.084  5.903  2.012  
8.870  6.979  4.878  8.870  
4.009  1.126  4.968  9.628  
0.928  2.060  2.384  3.332  
0.597  7.908  6.458  4.407  
8.389  9.979  2.705  8.607  
4.557  3.700  7.135  8.827  
4.836  7.751  5.695  0.858  
0.977  1.807  3.187  5.244  
5.964  5.468  1.543  0.752  
6.190  9.285  3.370  0.040  
9.910  6.770  1.977  8.830  
9.978  5.405  6.396  4.150  
0.154  1.452  1.567  9.005  
5.438  3.527  8.866  9.183  
0.365  2.251  0.362  6.879  
6.604  1.741  1.872  2.670  
7.854  2.680  9.974  5.448  
8.463  1.999  2.745  0.008  
3.502  3.454  7.411  1.076  
1.712  4.918  4.302  3.419  
5.195  9.870  7.304  3.247  
6.143  1.760  7.351  0.275  
1.043  8.609  0.338  1.269  
4.652  0.125  1.319  4.700  
1.695  2.761  4.064  4.762  
1.759  7.505  1.871  8.066  
8.623  4.614  7.786  6.020  
6.029  1.054  6.729  9.046  
4.526  2.066  0.664  4.670  
5.309  8.107  6.407  5.216  
2.484  3.461  7.664  4.862  
0.899  3.405  7.816  8.034  
7.879  1.052  9.510  4.811  
7.136  4.473  1.007  8.331  
3.907  1.032  6.598  2.627  
5.253  0.591  7.620  7.315  
4.541  3.289  0.630  1.331  
5.985  2.501  0.179  4.898  
2.820  1.654  5.949  5.900  
6.948  6.955  8.952  8.984  
9.345  9.067  0.543  6.937  
7.325  2.985  1.363  3.233  
7.103  5.263  9.781  7.334  
4.098  0.546  5.464  0.723  
8.234  2.205  6.976  5.923  
2.599  1.196  6.843  7.302  
6.721  1.414  4.301  9.249  
7.448  0.450  5.856  0.610  
5.788  0.830  2.970  6.133  
0.067  2.731  8.598  5.786  
9.801  3.454  0.390  7.393  
5.393  1.427  8.071  3.358  
0.929  1.610  4.820  7.471  
0.246  3.910  3.046  8.246  
6.995  8.439  5.954  5.090  
3.284  2.702  7.745  7.795  
8.215  3.098  5.339  7.566  
8.071  5.795  2.385  9.856  
4.788  0.142  3.405  1.737  
8.553  7.966  1.439  3.986  
0.190  1.669  7.681  8.811  
2.058  2.939  7.616  7.260  
5.032  0.534  1.833  5.601  
1.899  2.428  5.212  1.907  
9.913  7.778  2.679  9.664  
7.217  1.229  3.946  6.438  
6.149  5.353  6.092  8.317  
8.006  4.515  7.073  7.277  
2.684  1.901  7.106  3.556  
0.198  2.625  2.376  4.580  
9.624  0.439  8.850  9.424  
6.474  3.342  9.382  8.323  
5.798  3.121  2.238  5.954  
5.594  9.549  3.974  8.305  
3.719  8.885  2.733  6.357  
4.929  3.290  8.753  7.375  
1.746  1.616  4.617  2.449  
5.829  5.248  9.183  0.673  
9.671  0.881  5.674  9.953  
1.390  8.129  2.401  2.645  
5.370  8.682  8.784  1.623  
1.397  2.661  1.960  4.548  
0.923  6.194  2.195  8.958  
7.440  3.288  3.932  6.194  
7.978  7.942  2.935  3.568  
7.927  1.484  1.628  0.033  
5.852  2.512  9.783  4.442  
9.842  8.011  4.580  7.071  
4.255  4.529  7.831  7.307  
5.070  7.430  4.275  3.375  
7.164  6.973  8.422  3.876  
7.542  8.826  5.703  8.011  
8.769  5.054  6.255  5.172  
9.371  8.011  1.529  7.196  
5.279  3.822  0.061  4.964  
5.307  8.065  7.453  4.115  
7.560  9.357  8.810  2.915  
2.911  3.019  7.603  3.837  
8.280  5.418  5.202  0.007  
2.983  2.090  6.268  1.117  
2.167  8.313  8.441  7.486  
4.064  4.407  0.628  0.038  
5.319  3.030  5.160  7.594  
9.907  8.456  6.879  5.447  
3.819  5.909  5.332  2.341  
8.248  3.156  3.151  5.823  
2.342  1.996  6.579  0.761  
8.039  4.280  4.047  8.113  
5.212  6.203  2.870  1.092  
8.818  7.224  3.103  7.273  
5.475  1.806  0.590  5.263  
9.348  6.657  4.704  5.080  
1.941  4.407  4.427  8.401  
4.177  3.387  7.044  1.323  
8.069  1.654  6.998  1.502  
3.378  8.818  7.365  9.357  
1.364  6.467  1.077  3.872  
8.268  7.270  7.580  4.037  
0.957  2.945  3.303  9.409  
8.229  3.855  5.930  0.097  
4.707  7.081  5.394  7.995  
7.462  4.828  6.217  9.893  
4.148  2.309  2.647  6.805  
5.352  8.810  5.751  0.730  
3.726  3.362  0.324  6.346  
8.331  6.383  3.565  9.357  
9.086  6.328  6.990  1.407  
6.605  4.174  8.246  3.355  
4.331  3.556  7.767  5.772  
0.799  5.801  9.010  4.090  
7.845  5.658  9.740  6.913  
1.414  0.025  6.814  2.036  
3.551  3.396  1.673  0.137  
3.511  1.784  0.066  1.960  
4.067  4.832  7.888  5.139  
5.992  6.658  2.856  4.992  
6.037  3.488  7.329  6.366  
5.343  0.414  8.425  3.566  
4.723  8.919  8.094  2.700  
2.606  0.131  0.734  0.944  
0.168  8.747  0.515  4.179  
5.027  6.923  8.309  1.812  
2.349  5.167  3.049  3.176  
6.331  6.712  8.275  3.196  
1.776  3.555  2.932  8.544  
5.748  9.290  4.374  9.262  
1.303  9.511  9.725  7.178  
3.142  5.955  7.153  5.066  
8.906  1.159  4.280  1.809  
1.256  8.661  3.230  9.724  
1.687  5.538  3.206  8.663  
4.632  6.495  7.163  0.858  
8.070  0.059  3.052  0.769  
6.923  1.405  2.209  5.042  
4.891  5.532  4.138  5.872  
4.157  8.936  3.635  1.877  
9.107  0.930  4.333  9.125  
8.840  5.007  4.320  0.462  
6.205  7.887  6.741  9.413  
5.638  2.378  3.128  7.480  
5.152  1.961  9.365  2.100  
2.176  5.422  1.681  9.265  
7.085  1.180  9.813  9.749  
8.138  8.859  1.579  5.505  
0.267  9.533  5.565  3.915  
9.161  7.674  7.648  7.925  
4.798  4.696  4.610  8.068  
7.874  0.628  9.144  9.711  
9.256  1.679  6.436  3.504  
4.169  7.988  9.787  4.014  
4.186  6.792  2.299  4.069  
5.872  8.216  3.102  6.621  
1.836  6.996  7.360  2.785  
9.606  1.922  3.424  9.066  
8.334  1.998  7.914  5.966  
6.211  0.917  2.141  0.590  
8.675  1.886  7.219  0.906  
2.431  2.410  1.693  2.909  
9.388  4.591  0.244  3.476  
9.333  2.365  7.626  7.947  
9.304  1.466  3.842  1.778  
5.409  4.347  5.739  2.750  
5.072  0.796  2.435  2.960  
9.977  0.481  2.706  8.199  
1.043  7.838  4.772  9.327  
0.434  8.464  4.043  9.209  
1.877  1.822  0.870  1.193  
9.121  3.745  4.826  0.511  
4.986  7.947  2.670  5.994  
5.404  8.711  7.673  1.777  
2.042  9.672  1.884  0.159  
0.911  7.387  6.276  8.198  
5.930  8.225  5.784  4.028  
3.955  3.555  7.064  4.351  
5.901  6.225  4.872  2.073  
3.925  6.702  0.106  5.265  
8.014  4.627  7.782  2.612  
6.898  4.346  5.974  4.407  
9.224  5.485  8.512  7.602  
6.074  8.953  3.104  1.561  
7.060  2.676  0.047  6.323  
7.294  0.894  2.248  1.008  
1.564  8.054  2.184  0.967  
1.754  5.582  3.381  3.560  
8.532  1.910  8.970  3.274  
1.933  9.620  0.869  3.488  
0.330  8.614  1.319  4.354  
5.441  8.542  1.852  4.687  
0.440  4.352  2.589  2.396  
4.909  4.457  0.855  3.044  
5.756  0.137  0.417  7.120  
2.628  7.684  8.741  9.863  
0.734  2.669  5.502  8.915  
2.501  8.597  7.514  5.170  
5.507  3.584  0.267  1.889  
2.869  7.957  3.404  2.603  
9.820  3.301  3.001  3.107  
8.321  9.838  8.403  9.801  
6.867  9.962  3.709  8.568  
4.341  3.874  5.095  9.471  
7.371  3.742  6.489  6.898  
7.016  7.312  7.222  3.692  
1.697  8.335  0.324  6.348  
3.440  7.898  8.712  3.204  
6.858  9.521  5.300  1.621  
0.020  3.581  6.784  0.555  
2.392  0.944  5.428  9.274  
4.229  2.611  5.487  3.918  
8.190  5.110  2.315  5.358  
0.225  5.868  0.020  0.675  
3.469  3.719  8.875  5.945  
0.787  6.398  5.181  0.252  
0.290  7.266  3.265  9.280  
5.347  6.998  5.049  2.160  
9.189  2.264  0.746  5.518  
2.872  9.035  3.681  4.122  
4.396  3.821  7.723  0.808  
2.740  5.180  2.854  9.214  
7.265  4.833  3.073  3.470  
5.085  4.042  0.860  9.784  
7.724  1.002  4.477  1.790  
8.248  3.181  7.194  4.106  
4.504  0.558  4.633  0.183  
0.276  8.335  8.629  6.155  
9.422  5.884  3.319  0.232  
0.625  6.885  4.182  7.407  
2.933  2.679  8.157  6.202  
4.100  6.740  6.193  7.265  
5.480  8.889  9.627  2.653  
7.416  1.429  6.653  9.613  
8.303  2.758  7.233  5.153  
3.439  3.399  8.494  4.298  
0.830  7.618  4.756  2.188  
5.995  6.370  7.487  4.398  
8.602  0.621  1.908  5.473  
5.986  7.964  6.413  8.089  
6.582  3.666  4.492  3.879  
2.812  2.336  6.279  1.252  
3.180  6.725  7.539  9.163  
6.189  5.766  9.411  9.051  
4.004  7.057  8.218  0.408  
2.070  7.740  9.196  2.841  
7.217  5.514  9.998  6.356  
4.607  9.219  5.064  0.457  
7.513  5.886  3.978  6.653  
8.726  0.649  3.620  2.755  
5.253  9.891  0.562  0.982  
6.802  3.172  6.633  3.146  
9.253  5.748  7.563  8.609  
3.302  7.235  1.568  0.145  
5.977  1.823  7.665  7.934  
1.102  4.932  8.752  5.742  
3.306  2.391  5.772  9.174  
9.459  5.873  2.058  2.409  
7.332  1.926  9.601  2.952  
8.854  9.252  4.177  4.315  
6.213  4.886  1.560  5.026  
9.946  5.679  7.098  5.717  
7.390  3.557  0.074  4.522  
0.237  3.400  9.727  7.325  
6.278  4.666  1.103  4.347  
6.223  7.628  9.357  7.366  
0.721  1.811  0.280  8.280  
4.390  4.944  2.305  0.087  
9.531  8.347  8.491  3.060  
9.714  7.005  5.361  9.153  
7.050  0.418  8.437  5.600  
0.792  3.200  7.221  1.721  
7.287  7.621  4.375  9.122  
3.158  6.459  0.334  5.105  
9.559  7.825  0.856  9.493  
8.015  7.885  0.113  8.882  
4.630  1.223  6.226  5.833  
3.673  8.001  9.337  1.904  
6.813  3.855  3.478  0.631  
6.628  1.718  1.707  2.353  
9.737  7.140  1.793  9.454  
6.797  8.953  8.509  7.160  
7.685  6.993  3.895  5.869  
8.352  0.359  0.906  2.405  
1.718  9.427  1.961  2.628  
2.520  9.101  5.539  2.965  
8.613  5.069  3.893  3.009  
8.400  2.393  8.164  4.106  
4.679  3.876  3.022  4.821  
6.456  5.949  7.119  2.507  
9.542  5.751  8.058  8.624  
7.973  8.148  2.614  6.851  
6.008  3.412  7.778  1.804  
7.117  3.338  3.354  2.121  
1.931  3.032  0.234  3.212  
8.219  1.812  9.957  5.099  
6.496  8.554  5.231  5.939  
2.571  2.904  8.998  4.821  
4.785  2.705  2.057  8.396  
0.960  0.877  9.596  3.742  
6.522  2.450  4.373  3.349  
3.189  2.280  4.540  5.036  
5.885  9.678  8.139  7.621  
7.984  8.182  0.546  2.322  
4.196  3.171  5.857  2.217  
4.992  0.781  5.417  9.319  
0.064  2.225  4.461  5.234  
5.474  2.377  9.828  8.375  
7.817  8.899  2.137  8.706  
6.481  3.232  7.211  7.171  
9.671  6.176  5.252  8.837  
7.387  8.521  2.359  8.614  
9.004  9.093  0.278  7.250  
5.503  9.710  4.236  6.227  
6.997  5.837  1.067  5.335  
4.336  3.661  7.997  6.654  
0.457  7.637  9.246  7.102  
7.192  5.672  0.613  7.945  
3.126  9.384  7.538  6.635  
2.003  3.099  3.868  9.134  
7.786  4.514  1.073  0.813  
8.861  3.508  7.198  2.107  
1.924  5.665  6.630  3.771  
2.353  7.840  2.011  0.167  
3.618  7.800  9.435  1.942  
8.745  3.112  9.430  2.262  
5.492  4.174  5.909  6.397  
3.260  4.747  6.421  0.584  
7.950  2.588  1.003  1.280  
0.913  5.572  7.590  3.362  
7.066  8.786  6.538  9.934  
6.370  5.081  6.508  3.383  
7.903  2.983  2.653  9.163  
2.961  3.920  0.990  7.193  
9.156  3.793  7.302  4.192  
6.573  1.595  2.968  2.886  
1.124  5.235  2.126  8.985  
4.683  4.526  7.828  3.337  
6.126  8.980  0.294  1.043  
7.386  2.654  4.278  3.632  
4.092  4.450  2.420  0.371  
1.200  8.884  4.555  4.567  
1.103  4.647  8.374  2.458  
3.875  1.963  2.247  9.069  
4.607  7.052  7.773  1.213  
7.164  3.490  0.352  1.340  
8.529  3.118  6.508  8.307  
9.598  6.245  5.279  8.834  
9.681  4.107  2.208  4.695  
8.051  9.916  8.296  8.441  
9.979  8.327  1.844  0.674  
6.078  1.106  2.154  1.532  
4.132  9.953  2.871  9.500  
2.831  1.778  8.742  4.300  
6.945  1.614  2.669  7.855  
2.427  5.534  8.234  2.738  
9.450  3.906  1.273  1.427  
4.800  7.840  4.644  0.824  
4.180  7.415  1.346  2.700  
4.313  8.325  0.869  3.705  
7.962  1.073  6.614  9.143  
4.631  9.155  1.304  1.643  
4.863  9.657  9.046  6.873  
2.948  0.859  1.699  0.976  
8.617  1.552  9.026  6.216  
6.561  1.192  3.768  3.700  
3.403  2.547  4.108  8.306  
8.044  6.079  2.805  4.706  
6.043  7.420  8.641  8.396  
7.212  4.915  9.553  7.340  
6.213  4.769  0.440  8.419  
6.658  1.167  0.462  0.931  
5.484  7.095  3.314  3.378  
3.960  5.895  5.223  9.580  
5.354  0.924  7.318  0.091  
9.573  6.688  5.465  5.085  
2.639  9.792  8.445  5.771  
8.501  5.567  8.287  3.999  
9.395  2.340  3.401  4.922  
2.127  0.156  3.681  5.162  
7.480  2.641  1.581  0.967  
4.443  1.824  2.230  8.719  
3.910  2.531  9.289  7.570  
0.675  7.844  9.597  1.152  
2.788  9.215  2.999  1.285  
5.220  4.520  9.469  1.478  
4.653  5.124  0.640  0.716  
2.110  0.960  8.620  7.624  
5.994  5.867  5.140  8.708  
7.526  8.369  8.570  6.788  
5.943  5.621  5.422  1.505  
2.301  1.491  6.354  4.460  
4.266  4.939  6.292  0.361  
5.814  4.662  4.809  0.106  
7.425  1.852  3.837  9.588  
8.015  7.592  4.637  3.488  
9.910  0.541  7.472  3.097  
5.494  9.349  8.962  7.579  
7.178  1.507  9.211  4.186  
1.367  7.124  7.778  2.840  
3.529  7.841  5.586  9.424  
6.926  2.698  0.526  0.417  
5.031  4.201  1.985  3.589  
0.659  1.603  4.257  9.248  
2.498  7.366  2.822  9.571  
1.572  7.383  2.933  8.357  
0.252  1.888  8.037  8.072  
2.387  9.332  2.210  4.818  
6.660  1.121  2.742  0.652  
2.939  0.915  5.679  7.060  
8.243  9.556  7.429  0.368  
2.026  9.589  1.375  5.214  
8.079  0.122  4.020  3.998  
7.876  6.420  1.337  3.591  
8.314  1.685  0.406  9.493  
2.637  7.493  3.967  6.370  
0.226  2.015  9.239  4.887  
4.832  9.965  8.289  1.257  
6.561  0.450  8.345  8.072  
4.513  2.119  9.153  0.940  
9.988  7.069  6.526  1.746  
8.335  7.493  8.171  4.664  
5.830  5.643  6.738  9.299  
7.976  4.404  1.173  2.885  
5.243  7.018  4.347  7.707  
7.087  7.405  0.485  5.175  
1.289  4.820  5.279  2.395  
3.390  7.455  7.027  1.061  
0.129  5.620  8.719  6.640  
8.656  4.914  7.094  9.985  
5.786  0.330  7.362  7.744  
0.618  9.055  8.721  4.776  
9.180  1.750  1.993  8.803  
1.258  5.918  8.292  7.013  
6.543  5.883  0.175  3.396  
3.292  7.868  5.507  6.670  
9.591  1.529  6.580  9.869  
0.017  2.513  8.866  6.475  
6.063  5.843  1.937  6.965  
7.409  4.095  0.791  4.051  
0.763  8.768  7.779  0.366  
2.654  1.095  9.326  4.488  
2.324  2.353  7.011  2.558  
5.235  6.613  0.475  3.417  
9.588  9.511  2.110  1.837  
7.439  4.026  6.542  1.269  
2.467  6.730  2.176  1.728  
4.821  0.117  6.369  9.070  
6.700  8.218  8.575  8.651  
6.366  3.981  3.419  6.705  
8.119  1.176  0.306  8.714  
5.237  7.294  7.157  6.333  
9.963  7.693  5.333  9.893  
3.347  7.876  4.132  5.732  
9.484  0.407  0.704  8.247  
2.477  7.531  8.717  5.058  
6.814  4.334  4.882  7.263  
7.191  0.296  2.011  5.745  
8.107  9.398  8.232  2.442  
2.383  9.617  6.038  5.417  
8.049  6.620  0.003  8.105  
8.979  2.680  6.561  2.381  
4.898  4.220  5.960  2.555  
4.231  4.747  5.826  3.356  
8.477  1.575  7.500  0.171  
6.997  1.844  5.299  8.534  
5.606  6.000  2.433  8.227  
7.909  5.099  0.844  7.119  
9.318  9.679  7.657  6.458  
9.480  8.636  1.411  8.373  
3.913  8.673  8.492  4.041  
1.880  6.275  1.137  5.989  
4.470  3.561  2.444  1.026  
1.824  0.014  5.720  0.323  
5.621  6.793  4.864  1.806  
8.088  3.787  4.831  1.886  
9.616  7.886  1.799  0.178  
5.075  4.701  0.424  5.179  
8.867  1.199  3.514  9.540  
8.130  7.558  5.255  1.941  
