0.000000    -6.173293    -6.173292    -3.206499    -3.206498    -3.142564    -3.142563    -2.333036    -2.333036    -2.112944    -2.112944    -2.028600    -2.028600    -0.564520    -0.564519     2.146233     2.146233     2.225419     2.225420     2.441761     2.441762     2.441910     2.441910
0.002211    -6.172648    -6.172645    -3.206869    -3.206868    -3.142922    -3.142921    -2.339773    -2.339771    -2.110011    -2.110005    -2.026517    -2.026512    -0.564760    -0.564759     2.146289     2.146290     2.225405     2.225406     2.439847     2.439850     2.441459     2.441461
0.004421    -6.170713    -6.170707    -3.208141    -3.208141    -3.143828    -3.143827    -2.358330    -2.358328    -2.103712    -2.103702    -2.019408    -2.019400    -0.565483    -0.565481     2.146321     2.146322     2.225507     2.225510     2.434674     2.434680     2.439571     2.439574
0.006632    -6.167491    -6.167482    -3.210788    -3.210787    -3.144797    -3.144796    -2.385345    -2.385342    -2.098932    -2.098921    -2.005748    -2.005739    -0.566698    -0.566695     2.145929     2.145931     2.226145     2.226149     2.426195     2.426204     2.436383     2.436387
0.008843    -6.162986    -6.162975    -3.215494    -3.215493    -3.145116    -3.145114    -2.417899    -2.417896    -2.098492    -2.098482    -1.985633    -1.985623    -0.568419    -0.568415     2.144520     2.144522     2.227939     2.227944     2.414518     2.414530     2.431939     2.431945
0.011054    -6.157209    -6.157196    -3.222929    -3.222928    -3.144081    -3.144078    -2.454079    -2.454077    -2.102367    -2.102357    -1.961000    -1.960991    -0.570666    -0.570663     2.141474     2.141475     2.231527     2.231534     2.399829     2.399842     2.426280     2.426286
0.013264    -6.150168    -6.150155    -3.233485    -3.233483    -3.141256    -3.141252    -2.492722    -2.492720    -2.109651    -2.109642    -1.933916    -1.933906    -0.573466    -0.573463     2.136378     2.136380     2.237304     2.237313     2.382400     2.382414     2.419454     2.419459
0.015475    -6.141880    -6.141867    -3.247206    -3.247205    -3.136542    -3.136538    -2.533116    -2.533114    -2.119623    -2.119615    -1.905809    -1.905798    -0.576851    -0.576847     2.129155     2.129156     2.245207     2.245217     2.362657     2.362670     2.411531     2.411535
0.017686    -6.132360    -6.132347    -3.263926    -3.263925    -3.130048    -3.130041    -2.574808    -2.574806    -2.131834    -2.131825    -1.877577    -1.877565    -0.580856    -0.580853     2.120001     2.120003     2.254499     2.254511     2.341427     2.341441     2.402619     2.402621
0.019897    -6.121629    -6.121618    -3.283413    -3.283411    -3.121939    -3.121929    -2.617495    -2.617493    -2.146002    -2.145992    -1.849797    -1.849784    -0.585525    -0.585523     2.109249     2.109252     2.262707     2.262720     2.321099     2.321110     2.392908     2.392908
0.022107    -6.109712    -6.109703    -3.305439    -3.305436    -3.112371    -3.112359    -2.660965    -2.660962    -2.161937    -2.161925    -1.822865    -1.822850    -0.590905    -0.590902     2.097259     2.097264     2.261356     2.261364     2.309845     2.309850     2.382799     2.382801
0.024318    -6.096636    -6.096629    -3.329803    -3.329798    -3.101474    -3.101460    -2.705055    -2.705052    -2.179495    -2.179483    -1.797071    -1.797054    -0.597045    -0.597042     2.084375     2.084382     2.242913     2.242917     2.314241     2.314244     2.373382     2.373386
0.026529    -6.082432    -6.082427    -3.356326    -3.356320    -3.089356    -3.089339    -2.749636    -2.749632    -2.198560    -2.198546    -1.772639    -1.772621    -0.604001    -0.603999     2.070900     2.070908     2.215973     2.215977     2.322355     2.322359     2.368181     2.368185
0.028740    -6.067138    -6.067133    -3.384845    -3.384839    -3.076121    -3.076103    -2.794585    -2.794581    -2.219026    -2.219011    -1.749756    -1.749735    -0.611832    -0.611829     2.057086     2.057094     2.185967     2.185972     2.321989     2.321992     2.374208     2.374211
0.030950    -6.050791    -6.050786    -3.415210    -3.415203    -3.061903    -3.061883    -2.839756    -2.839753    -2.240799    -2.240782    -1.728575    -1.728553    -0.620598    -0.620595     2.043111     2.043120     2.154606     2.154611     2.312289     2.312295     2.390918     2.390922
0.033161    -6.033435    -6.033430    -3.447273    -3.447267    -3.046944    -3.046923    -2.884897    -2.884894    -2.263785    -2.263768    -1.709229    -1.709207    -0.630362    -0.630358     2.029023     2.029032     2.122804     2.122809     2.298397     2.298404     2.412699     2.412703
0.035372    -6.015118    -6.015112    -3.480893    -3.480887    -3.031969    -3.031948    -2.929278    -2.929275    -2.287898    -2.287880    -1.691835    -1.691812    -0.641186    -0.641182     2.014601     2.014608     2.091474     2.091482     2.282537     2.282543     2.437106     2.437109
0.037583    -5.995892    -5.995886    -3.515927    -3.515922    -3.021055    -3.021035    -2.968820    -2.968817    -2.313049    -2.313031    -1.676488    -1.676465    -0.653133    -0.653130     1.999056     1.999060     2.061991     2.062002     2.265457     2.265462     2.463263     2.463264
0.039793    -5.975815    -5.975809    -3.552236    -3.552232    -3.037602    -3.037588    -2.980127    -2.980118    -2.339154    -2.339137    -1.663272    -1.663249    -0.666264    -0.666261     1.980663     1.980664     2.036598     2.036614     2.247484     2.247486     2.490760     2.490761
0.042004    -5.954950    -5.954944    -3.589677    -3.589674    -3.078844    -3.078835    -2.965966    -2.965957    -2.366130    -2.366114    -1.652250    -1.652228    -0.680636    -0.680633     1.957634     1.957635     2.017557     2.017576     2.228798     2.228799     2.519353     2.519355
0.044215    -5.933366    -5.933361    -3.628110    -3.628106    -3.124295    -3.124287    -2.946836    -2.946829    -2.393893    -2.393878    -1.643471    -1.643450    -0.696301    -0.696299     1.930481     1.930484     2.004789     2.004808     2.209530     2.209535     2.548866     2.548870
0.046426    -5.911141    -5.911137    -3.667389    -3.667386    -3.170809    -3.170801    -2.925897    -2.925893    -2.422361    -2.422349    -1.636966    -1.636946    -0.713306    -0.713303     1.901270     1.901276     1.996615     1.996633     2.189790     2.189799     2.579157     2.579162
0.048636    -5.888359    -5.888355    -3.707369    -3.707366    -3.217792    -3.217784    -2.903759    -2.903758    -2.451454    -2.451443    -1.632746    -1.632727    -0.731685    -0.731683     1.871571     1.871581     1.991806     1.991822     2.169681     2.169694     2.610102     2.610108
0.050847    -5.865114    -5.865108    -3.747903    -3.747899    -3.265052    -3.265044    -2.880641    -2.880637    -2.481087    -2.481080    -1.630806    -1.630788    -0.751466    -0.751464     1.842263     1.842276     1.989775     1.989789     2.149310     2.149326     2.641589     2.641597
0.053058    -5.841507    -5.841500    -3.788839    -3.788834    -3.312503    -3.312495    -2.856657    -2.856649    -2.511176    -2.511171    -1.631120    -1.631104    -0.772662    -0.772660     1.813853     1.813868     1.990239     1.990251     2.128800     2.128819     2.673515     2.673523
0.055269    -5.817652    -5.817644    -3.830022    -3.830017    -3.360098    -3.360089    -2.831900    -2.831888    -2.541626    -2.541624    -1.633648    -1.633632    -0.795272    -0.795270     1.786668     1.786685     1.993003     1.993012     2.108322     2.108342     2.705783     2.705792
0.057479    -5.793675    -5.793667    -3.871294    -3.871287    -3.407805    -3.407795    -2.806473    -2.806458    -2.572321    -2.572319    -1.638329    -1.638314    -0.819279    -0.819276     1.760942     1.760961     1.997788     1.997796     2.088174     2.088195     2.738300     2.738310
0.059690    -5.769715    -5.769705    -3.912491    -3.912482    -3.455600    -3.455589    -2.780543    -2.780524    -2.603078    -2.603075    -1.645086    -1.645072    -0.844649    -0.844645     1.736851     1.736870     2.003909     2.003913     2.069077     2.069096     2.770980     2.770990
0.061901    -5.745923    -5.745913    -3.953443    -3.953431    -3.503463    -3.503452    -2.754498    -2.754477    -2.633492    -2.633487    -1.653830    -1.653816    -0.871329    -0.871325     1.714530     1.714548     2.008967     2.008969     2.053454     2.053469     2.803739     2.803750
0.064112    -5.722466    -5.722456    -3.993973    -3.993959    -3.551379    -3.551366    -2.729904    -2.729880    -2.661984    -2.661978    -1.664456    -1.664442    -0.899250    -0.899245     1.694079     1.694097     2.005785     2.005793     2.048496     2.048503     2.836500     2.836511
0.066322    -5.699526    -5.699517    -4.033899    -4.033883    -3.599329    -3.599316    -2.718268    -2.718245    -2.677035    -2.677025    -1.676848    -1.676835    -0.928320    -0.928314     1.675575     1.675591     1.991727     1.991736     2.056842     2.056845     2.869187     2.869199
0.068533    -5.677302    -5.677294    -4.073029    -4.073011    -3.647300    -3.647286    -2.738331    -2.738315    -2.659896    -2.659878    -1.690882    -1.690869    -0.958431    -0.958426     1.659066     1.659081     1.973453     1.973460     2.071816     2.071819     2.901730     2.901741
0.070744    -5.656008    -5.656001    -4.111164    -4.111145    -3.695275    -3.695260    -2.767730    -2.767717    -2.632926    -2.632907    -1.706425    -1.706411    -0.989457    -0.989451     1.644581     1.644594     1.954059     1.954063     2.090295     2.090298     2.934062     2.934073
0.072955    -5.635874    -5.635868    -4.148101    -4.148080    -3.743236    -3.743221    -2.798657    -2.798645    -2.603935    -2.603915    -1.723338    -1.723324    -1.021252    -1.021247     1.632126     1.632138     1.934437     1.934439     2.111344     2.111348     2.966119     2.966130
0.075165    -5.617143    -5.617138    -4.183627    -4.183606    -3.791166    -3.791151    -2.829978    -2.829967    -2.574057    -2.574037    -1.741479    -1.741465    -1.053657    -1.053652     1.621691     1.621702     1.914925     1.914928     2.134575     2.134578     2.997844     2.997854
0.077376    -5.600069    -5.600064    -4.217530    -4.217508    -3.839044    -3.839029    -2.861376    -2.861367    -2.543616    -2.543596    -1.760705    -1.760691    -1.086495    -1.086492     1.613246     1.613256     1.895695     1.895701     2.159754     2.159757     3.029180     3.029191
0.079587    -5.584913    -5.584909    -4.249597    -4.249576    -3.886849    -3.886834    -2.892711    -2.892704    -2.512764    -2.512745    -1.780870    -1.780856    -1.119581    -1.119579     1.606749     1.606759     1.876863     1.876871     2.186700     2.186703     3.060079     3.060088
0.081798    -5.571937    -5.571933    -4.279626    -4.279605    -3.934554    -3.934540    -2.923897    -2.923892    -2.481599    -2.481582    -1.801830    -1.801817    -1.152714    -1.152712     1.602143     1.602153     1.858515     1.858526     2.215256     2.215259     3.090491     3.090501
0.084008    -5.561393    -5.561389    -4.307429    -4.307409    -3.982132    -3.982118    -2.954873    -2.954869    -2.450204    -2.450187    -1.823444    -1.823431    -1.185688    -1.185684     1.599358     1.599367     1.840730     1.840741     2.245272     2.245273     3.120376     3.120385
0.086219    -5.553514    -5.553510    -4.332846    -4.332827    -4.029549    -4.029537    -2.985588    -2.985585    -2.418650    -2.418634    -1.845571    -1.845559    -1.218285    -1.218279     1.598313     1.598322     1.823577     1.823588     2.276600     2.276601     3.149694     3.149702
0.088430    -5.548504    -5.548501    -4.355757    -4.355740    -4.076770    -4.076758    -3.016000    -3.015995    -2.387012    -2.386996    -1.868074    -1.868062    -1.250286    -1.250278     1.598912     1.598920     1.807129     1.807140     2.309098     2.309099     3.178409     3.178417
0.090641    -5.546523    -5.546519    -4.376094    -4.376078    -4.123750    -4.123739    -3.046068    -3.046063    -2.355365    -2.355350    -1.890815    -1.890804    -1.281469    -1.281458     1.601047     1.601055     1.791463     1.791473     2.342624     2.342626     3.206490     3.206497
0.092851    -5.547675    -5.547671    -4.393853    -4.393839    -4.170437    -4.170428    -3.075758    -3.075751    -2.323795    -2.323780    -1.913656    -1.913647    -1.311610    -1.311598     1.604590     1.604596     1.776668     1.776677     2.377037     2.377041     3.233910     3.233916
0.095062    -5.552003    -5.552000    -4.409110    -4.409097    -4.216763    -4.216755    -3.105034    -3.105026    -2.292400    -2.292385    -1.936453    -1.936445    -1.340488    -1.340475     1.609383     1.609388     1.762854     1.762862     2.412198     2.412203     3.260643     3.260649
0.097273    -5.559484    -5.559481    -4.422038    -4.422026    -4.262630    -4.262623    -3.133868    -3.133859    -2.261306    -2.261290    -1.959039    -1.959033    -1.367889    -1.367876     1.615226     1.615230     1.750171     1.750177     2.447971     2.447977     3.286668     3.286674
0.099483    -5.570028    -5.570023    -4.432943    -4.432933    -4.307867    -4.307860    -3.162229    -3.162220    -2.230693    -2.230677    -1.981204    -1.981199    -1.393606    -1.393592     1.621843     1.621846     1.738842     1.738846     2.484218     2.484226     3.311967     3.311972
0.101694    -5.583483    -5.583478    -4.442405    -4.442395    -4.352087    -4.352082    -3.190092    -3.190082    -2.200864    -2.200847    -2.002622    -2.002618    -1.417440    -1.417427     1.628824     1.628827     1.729215     1.729218     2.520807     2.520815     3.336524     3.336529
0.103905    -5.599650    -5.599644    -4.451915    -4.451906    -4.394034    -4.394028    -3.217430    -3.217420    -2.172428    -2.172412    -2.022666    -2.022662    -1.439209    -1.439198     1.635543     1.635546     1.721857     1.721860     2.557607     2.557615     3.360326     3.360331
0.106116    -5.618292    -5.618284    -4.467315    -4.467308    -4.428125    -4.428122    -3.244220    -3.244210    -2.146912    -2.146897    -2.039800    -2.039796    -1.458746    -1.458737     1.641087     1.641090     1.717617     1.717620     2.594487     2.594496     3.383363     3.383368
0.108326    -5.639146    -5.639138    -4.498645    -4.498643    -4.444596    -4.444594    -3.270440    -3.270429    -2.128611    -2.128599    -2.049727    -2.049722    -1.475904    -1.475897     1.644424     1.644427     1.717460     1.717466     2.631324     2.631331     3.405628     3.405632
0.110537    -5.661940    -5.661930    -4.538401    -4.538399    -4.451229    -4.451226    -3.296067    -3.296056    -2.125051    -2.125046    -2.044920    -2.044913    -1.490559    -1.490554     1.645026     1.645029     1.721846     1.721854     2.667993     2.668000     3.427114     3.427118
0.112748    -5.686397    -5.686384    -4.579773    -4.579771    -4.455086    -4.455083    -3.321083    -3.321072    -2.135062    -2.135059    -2.026560    -2.026551    -1.502612    -1.502610     1.643319     1.643324     1.730277     1.730287     2.704376     2.704382     3.447818     3.447821
0.114959    -5.712247    -5.712233    -4.621183    -4.621180    -4.457976    -4.457973    -3.345468    -3.345456    -2.150725    -2.150721    -2.002575    -2.002565    -1.511994    -1.511992     1.640238     1.640244     1.741747     1.741759     2.740359     2.740364     3.467739     3.467742
0.117169    -5.739232    -5.739216    -4.662170    -4.662167    -4.460559    -4.460555    -3.369204    -3.369192    -2.168153    -2.168149    -1.976861    -1.976853    -1.518664    -1.518661     1.636597     1.636606     1.755363     1.755375     2.775831     2.775835     3.486877     3.486881
0.119380    -5.767109    -5.767091    -4.702535    -4.702531    -4.463196    -4.463191    -3.392274    -3.392261    -2.185999    -2.185995    -1.950781    -1.950774    -1.522614    -1.522609     1.632927     1.632938     1.770515     1.770527     2.810688     2.810691     3.505236     3.505240
0.121591    -5.795652    -5.795632    -4.742160    -4.742156    -4.466124    -4.466117    -3.414662    -3.414649    -2.203734    -2.203731    -1.924877    -1.924872    -1.523868    -1.523862     1.629538     1.629550     1.786811     1.786821     2.844829     2.844831     3.522819     3.522824
0.123802    -5.824650    -5.824628    -4.780961    -4.780956    -4.469510    -4.469501    -3.436352    -3.436338    -2.221115    -2.221113    -1.899410    -1.899407    -1.522486    -1.522479     1.626601     1.626616     1.803988     1.803995     2.878161     2.878163     3.539633     3.539639
0.126012    -5.853910    -5.853887    -4.818866    -4.818861    -4.473466    -4.473455    -3.457330    -3.457315    -2.238009    -2.238008    -1.874525    -1.874523    -1.518559    -1.518552     1.624212     1.624229     1.821860     1.821865     2.910595     2.910597     3.555684     3.555691
0.128223    -5.883255    -5.883231    -4.855811    -4.855806    -4.478062    -4.478048    -3.477582    -3.477567    -2.254341    -2.254339    -1.850312    -1.850311    -1.512211    -1.512204     1.622416     1.622434     1.840284     1.840286     2.942051     2.942053     3.570981     3.570989
0.130434    -5.912520    -5.912495    -4.891737    -4.891732    -4.483328    -4.483312    -3.497095    -3.497080    -2.270061    -2.270058    -1.826834    -1.826833    -1.503594    -1.503588     1.621226     1.621245     1.859141     1.859143     2.972454     2.972457     3.585534     3.585543
0.132645    -5.941555    -5.941531    -4.926587    -4.926582    -4.489264    -4.489245    -3.515858    -3.515843    -2.285138    -2.285133    -1.804137    -1.804136    -1.492885    -1.492880     1.620636     1.620657     1.878327     1.878332     3.001737     3.001740     3.599353     3.599363
0.134855    -5.970220    -5.970197    -4.960305    -4.960300    -4.495839    -4.495819    -3.533858    -3.533844    -2.299550    -2.299543    -1.782256    -1.782256    -1.480284    -1.480279     1.620626     1.620647     1.897752     1.897760     3.029840     3.029844     3.612450     3.612460
0.137066    -5.998387    -5.998364    -4.992838    -4.992833    -4.503004    -4.502982    -3.551086    -3.551073    -2.313283    -2.313275    -1.761225    -1.761224    -1.466007    -1.466003     1.621162     1.621184     1.917326     1.917336     3.056712     3.056715     3.624835     3.624846
0.139277    -6.025934    -6.025913    -5.024135    -5.024130    -4.510687    -4.510665    -3.567531    -3.567519    -2.326326    -2.326317    -1.741070    -1.741069    -1.450284    -1.450281     1.622205     1.622227     1.936963     1.936974     3.082307     3.082310     3.636521     3.636532
0.141488    -6.052750    -6.052731    -5.054145    -5.054140    -4.518804    -4.518783    -3.583185    -3.583175    -2.338676    -2.338666    -1.721818    -1.721817    -1.433354    -1.433351     1.623706     1.623727     1.956574     1.956586     3.106589     3.106592     3.647519     3.647530
0.143698    -6.078729    -6.078712    -5.082822    -5.082817    -4.527259    -4.527240    -3.598039    -3.598030    -2.350329    -2.350318    -1.703496    -1.703494    -1.415463    -1.415460     1.625612     1.625633     1.976071     1.976083     3.129530     3.129532     3.657842     3.657852
0.145909    -6.103772    -6.103758    -5.110119    -5.110114    -4.535950    -4.535933    -3.612085    -3.612078    -2.361284    -2.361273    -1.686128    -1.686125    -1.396860    -1.396857     1.627866     1.627887     1.995362     1.995374     3.151106     3.151108     3.667502     3.667510
0.148120    -6.127786    -6.127774    -5.135993    -5.135987    -4.544769    -4.544756    -3.625315    -3.625311    -2.371543    -2.371533    -1.669738    -1.669734    -1.377796    -1.377793     1.630410     1.630429     2.014349     2.014360     3.171304     3.171307     3.676509     3.676516
0.150331    -6.150684    -6.150675    -5.160403    -5.160397    -4.553609    -4.553600    -3.637724    -3.637721    -2.381109    -2.381099    -1.654346    -1.654341    -1.358520    -1.358517     1.633181     1.633198     2.032932     2.032941     3.190117     3.190120     3.684875     3.684880
0.152541    -6.172383    -6.172375    -5.183309    -5.183302    -4.562361    -4.562357    -3.649305    -3.649302    -2.389984    -2.389975    -1.639971    -1.639965    -1.339281    -1.339277     1.636115     1.636131     2.051002     2.051009     3.207543     3.207546     3.692611     3.692614
0.154752    -6.192804    -6.192798    -5.204674    -5.204668    -4.570923    -4.570921    -3.660053    -3.660048    -2.398174    -2.398166    -1.626628    -1.626622    -1.320321    -1.320316     1.639151     1.639165     2.068447     2.068451     3.223586     3.223590     3.699726     3.699729
0.156963    -6.211875    -6.211871    -5.224465    -5.224458    -4.579195    -4.579189    -3.669961    -3.669954    -2.405683    -2.405676    -1.614332    -1.614324    -1.301877    -1.301871     1.642225     1.642237     2.085147     2.085149     3.238255     3.238259     3.706232     3.706233
0.159174    -6.229527    -6.229525    -5.242648    -5.242641    -4.587081    -4.587070    -3.679023    -3.679016    -2.412515    -2.412510    -1.603090    -1.603081    -1.284177    -1.284168     1.645276     1.645285     2.100978     2.100979     3.251562     3.251567     3.712136     3.712138
0.161384    -6.245698    -6.245696    -5.259194    -5.259187    -4.594490    -4.594475    -3.687236    -3.687227    -2.418678    -2.418673    -1.592910    -1.592901    -1.267437    -1.267427     1.648244     1.648251     2.115813     2.115817     3.263524     3.263529     3.717448     3.717451
0.163595    -6.260329    -6.260328    -5.274076    -5.274069    -4.601341    -4.601323    -3.694596    -3.694586    -2.424174    -2.424171    -1.583798    -1.583787    -1.251861    -1.251850     1.651073     1.651078     2.129527     2.129533     3.274157     3.274163     3.722177     3.722181
0.165806    -6.273368    -6.273366    -5.287268    -5.287261    -4.607561    -4.607542    -3.701097    -3.701087    -2.429011    -2.429008    -1.575755    -1.575745    -1.237640    -1.237628     1.653708     1.653711     2.141993     2.142000     3.283482     3.283488     3.726330     3.726334
0.168017    -6.284766    -6.284764    -5.298748    -5.298742    -4.613085    -4.613065    -3.706738    -3.706728    -2.433191    -2.433189    -1.568785    -1.568775    -1.224946    -1.224934     1.656100     1.656102     2.153089     2.153097     3.291516     3.291522     3.729915     3.729919
0.170227    -6.294483    -6.294481    -5.308496    -5.308491    -4.617855    -4.617835    -3.711516    -3.711507    -2.436721    -2.436719    -1.562888    -1.562878    -1.213933    -1.213921     1.658205     1.658206     2.162700     2.162708     3.298279     3.298284     3.732937     3.732941
0.172438    -6.302482    -6.302480    -5.316496    -5.316491    -4.621823    -4.621805    -3.715427    -3.715419    -2.439603    -2.439602    -1.558063    -1.558055    -1.204734    -1.204723     1.659983     1.659983     2.170721     2.170728     3.303786     3.303791     3.735403     3.735406
0.174649    -6.308734    -6.308732    -5.322732    -5.322728    -4.624949    -4.624935    -3.718471    -3.718465    -2.441841    -2.441840    -1.554311    -1.554304    -1.197460    -1.197451     1.661401     1.661401     2.177060     2.177066     3.308054     3.308057     3.737315     3.737318
0.176860    -6.313216    -6.313215    -5.327195    -5.327192    -4.627204    -4.627193    -3.720646    -3.720642    -2.443438    -2.443437    -1.551631    -1.551626    -1.192200    -1.192194     1.662433     1.662434     2.181644     2.181648     3.311093     3.311096     3.738679     3.738681
0.179070    -6.315913    -6.315911    -5.329875    -5.329873    -4.628564    -4.628558    -3.721950    -3.721949    -2.444395    -2.444395    -1.550023    -1.550020    -1.189018    -1.189014     1.663061     1.663061     2.184418     2.184420     3.312913     3.312915     3.739497     3.739497
0.181281    -6.316812    -6.316811    -5.330769    -5.330768    -4.629017    -4.629017    -3.722386    -3.722385    -2.444714    -2.444714    -1.549486    -1.549485    -1.187952    -1.187951     1.663271     1.663271     2.185347     2.185347     3.313520     3.313520     3.739768     3.739770
0.183501    -6.316355    -6.315598    -5.330663    -5.330354    -4.628915    -4.628370    -3.722444    -3.721954    -2.444662    -2.444249    -1.558353    -1.545802    -1.194493    -1.180261     1.661880     1.664700     2.181805     2.188003     3.312284     3.314925     3.737514     3.739739
0.185721    -6.314227    -6.312721    -5.330035    -5.329418    -4.628063    -4.626977    -3.722139    -3.721160    -2.444086    -2.443264    -1.571986    -1.547589    -1.199584    -1.171829     1.660551     1.666139     2.177412     2.189743     3.311173     3.316480     3.733005     3.737476
0.187941    -6.310435    -6.308194    -5.328881    -5.327955    -4.626459    -4.624845    -3.721491    -3.720020    -2.442970    -2.441742    -1.589918    -1.554932    -1.203102    -1.163090     1.659309     1.667563     2.172208     2.190544     3.310082     3.318102     3.726354     3.733110
0.190161    -6.304990    -6.302038    -5.327194    -5.325957    -4.624106    -4.621978    -3.720533    -3.718570    -2.441285    -2.439659    -1.611686    -1.567683    -1.205133    -1.154448     1.658177     1.668945     2.166241     2.190389     3.308843     3.319638     3.717764     3.726853
0.192381    -6.297913    -6.294278    -5.324964    -5.323414    -4.621004    -4.618384    -3.719313    -3.716855    -2.438994    -2.436979    -1.636872    -1.585500    -1.205937    -1.146244     1.657173     1.670258     2.159558     2.189269     3.307215     3.320854     3.707529     3.719006
0.194601    -6.289229    -6.284949    -5.322178    -5.320311    -4.617158    -4.614074    -3.717887    -3.714932    -2.436049    -2.433658    -1.665102    -1.607910    -1.205879    -1.138747     1.656314     1.671474     2.152214     2.187185     3.304887     3.321427     3.696052     3.709954
0.196822    -6.278971    -6.274090    -5.318821    -5.316635    -4.612573    -4.609057    -3.716325    -3.712869    -2.432397    -2.429645    -1.696056    -1.634398    -1.205348    -1.132155     1.655610     1.672564     2.144270     2.184145     3.301473     3.320932     3.683846     3.700170
0.199042    -6.267178    -6.261747    -5.314877    -5.312366    -4.607255    -4.603344    -3.714704    -3.710743    -2.427977    -2.424885    -1.729447    -1.664457    -1.204703    -1.126607     1.655066     1.673496     2.135789     2.180168     3.296520     3.318844     3.671538     3.690206
0.201262    -6.253895    -6.247973    -5.310326    -5.307487    -4.601213    -4.596951    -3.713107    -3.708638    -2.422726    -2.419318    -1.765022    -1.697623    -1.204239    -1.122191     1.654679     1.674236     2.126841     2.175284     3.289530     3.314547     3.659848     3.680664
0.203482    -6.239175    -6.232826    -5.305150    -5.301976    -4.594456    -4.589891    -3.711623    -3.706643    -2.416578    -2.412883    -1.802548    -1.733485    -1.204187    -1.118953     1.654441     1.674744     2.117502     2.169533     3.279999     3.307390     3.649537     3.672160
0.205702    -6.223076    -6.216372    -5.299328    -5.295813    -4.586997    -4.582181    -3.710345    -3.704849    -2.409466    -2.405525    -1.841805    -1.771676    -1.204707    -1.116907     1.654332     1.674975     2.107857     2.162966     3.267473     3.296769     3.641324     3.665258
0.207922    -6.205663    -6.198680    -5.292840    -5.288976    -4.578848    -4.573839    -3.709365    -3.703347    -2.401329    -2.397193    -1.882579    -1.811873    -1.205906    -1.116040     1.654326     1.674879     2.097993     2.155645     3.251615     3.282237     3.635767     3.660412
0.210142    -6.187007    -6.179830    -5.285664    -5.281445    -4.570025    -4.564887    -3.708771    -3.702228    -2.392110    -2.387851    -1.924656    -1.853780    -1.207846    -1.116317     1.654386     1.674397     2.088009     2.147643     3.232252     3.263593     3.633178     3.657905
0.212362    -6.167185    -6.159902    -5.277781    -5.273199    -4.560548    -4.555347    -3.708651    -3.701577    -2.381763    -2.377484    -1.967807    -1.897127    -1.210551    -1.117688     1.654467     1.673465     2.078007     2.139042     3.209391     3.240910     3.633591     3.657839
0.214582    -6.146280    -6.138984    -5.269173    -5.264218    -4.550436    -4.545244    -3.709080    -3.701472    -2.370255    -2.366114    -2.011782    -1.941654    -1.214016    -1.120088     1.654514     1.672013     2.068096     2.129936     3.183207     3.214486     3.636809     3.660143
0.216802    -6.124381    -6.117170    -5.259821    -5.254484    -4.539716    -4.534607    -3.710130    -3.701982    -2.357573    -2.353833    -2.056270    -1.987106    -1.218215    -1.123444     1.654465     1.669966     2.058389     2.120425     3.153993     3.184762     3.642488     3.664624
0.219022    -6.101583    -6.094559    -5.249711    -5.243981    -4.528416    -4.523468    -3.711857    -3.703165    -2.343734    -2.340868    -2.100836    -2.033221    -1.223107    -1.127675     1.654250     1.667247     2.048996     2.110617     3.122111     3.152231     3.650223     3.671011
0.221242    -6.077986    -6.071252    -5.238828    -5.232695    -4.516569    -4.511862    -3.714306    -3.705065    -2.328806    -2.327798    -2.144707    -2.079704    -1.228636    -1.132695     1.653793     1.663785     2.040029     2.100625     3.087952     3.117387     3.659606     3.679003
0.223462    -6.053696    -6.047358    -5.227162    -5.220614    -4.504214    -4.499832    -3.717511    -3.707716    -2.316254    -2.312974    -2.186071    -2.126163    -1.234739    -1.138413     1.653016     1.659512     2.031589     2.090566     3.051901     3.080686     3.670258     3.688295
0.225682    -6.028823    -6.022987    -5.214705    -5.207731    -4.491395    -4.487421    -3.721487    -3.711133    -2.311561    -2.296799    -2.219434    -2.171849    -1.241347    -1.144740     1.651837     1.654373     2.023764     2.080558     3.014327     3.042541     3.681842     3.698596
0.227903    -6.003483    -5.998255    -5.201453    -5.194039    -4.478164    -4.474681    -3.726237    -3.715319    -2.325626    -2.282821    -2.232733    -2.214047    -1.248384    -1.151582     1.648329     1.650178     2.016628     2.070715     2.975573     3.003317     3.694060     3.709637
0.230123    -5.977796    -5.973281    -5.187404    -5.179538    -4.464579    -4.461671    -3.731751    -3.720262    -2.358717    -2.287572    -2.236070    -2.225556    -1.255777    -1.158848     1.641362     1.647962     2.010232     2.061150     2.935952     2.963340     3.706654     3.721175
0.232343    -5.951885    -5.948186    -5.172563    -5.164231    -4.450707    -4.448453    -3.738002    -3.725935    -2.399177    -2.323473    -2.225350    -2.209427    -1.263447    -1.166450     1.633478     1.645124     2.004603     2.051962     2.895754     2.922903     3.719398     3.732991
0.234563    -5.925878    -5.923092    -5.156937    -5.148124    -4.436624    -4.435103    -3.744951    -3.732300    -2.441603    -2.366351    -2.205930    -2.189627    -1.271318    -1.174301     1.624706     1.641609     1.999744     2.043242     2.855247     2.882270     3.732094     3.744886
0.236783    -5.899905    -5.898126    -5.140538    -5.131231    -4.422417    -4.421700    -3.752547    -3.739304    -2.484169    -2.409712    -2.184181    -2.167866    -1.279316    -1.182316     1.615098     1.637378     1.995636     2.035063     2.814679     2.841685     3.744565     3.756684
0.239003    -5.874099    -5.873412    -5.123386    -5.113569    -4.408336    -4.408182    -3.760728    -3.746883    -2.526069    -2.452296    -2.161248    -2.144844    -1.287368    -1.190416     1.604729     1.632409     1.992237     2.027481     2.774282     2.801375     3.756656     3.768226
0.241223    -5.849076    -5.848593    -5.105503    -5.095162    -4.395110    -4.394027    -3.769419    -3.754963    -2.566814    -2.493578    -2.137553    -2.120950    -1.295405    -1.198525     1.593689     1.626703     1.989491     2.020529     2.734279     2.761553     3.768227     3.779368
0.243443    -5.825244    -5.823522    -5.086921    -5.076040    -4.382135    -4.380072    -3.778539    -3.763461    -2.606033    -2.533201    -2.113352    -2.096457    -1.303360    -1.206575     1.582082     1.620279     1.987327     2.014222     2.694878     2.722423     3.779156     3.789985
0.245663    -5.802036    -5.799021    -5.067676    -5.056241    -4.369529    -4.366448    -3.787995    -3.772284    -2.643406    -2.570859    -2.088855    -2.071595    -1.311172    -1.214500     1.570019     1.613181     1.985669     2.008552     2.656283     2.684179     3.789332     3.799961
0.247883    -5.779574    -5.775221    -5.047814    -5.035811    -4.357422    -4.353296    -3.797687    -3.781331    -2.678638    -2.606269    -2.064256    -2.046572    -1.318786    -1.222243     1.557618     1.605469     1.984433     2.003492     2.618690     2.647011     3.798660     3.809196
0.250103    -5.757972    -5.752253    -5.027388    -5.014803    -4.345951    -4.340765    -3.807507    -3.790494    -2.711444    -2.639158    -2.039747    -2.021591    -1.326151    -1.229752     1.544998     1.597223     1.983538     1.999001     2.582289     2.611101     3.807054     3.817602
0.252323    -5.737340    -5.730242    -5.006460    -4.993283    -4.335257    -4.329011    -3.817338    -3.799659    -2.741551    -2.669262    -2.015518    -1.996852    -1.333223    -1.236982     1.532277     1.588533     1.982903     1.995022     2.547266     2.576629     3.814441     3.825101
0.254543    -5.717782    -5.709309    -4.985104    -4.971323    -4.325482    -4.318189    -3.827057    -3.808702    -2.768699    -2.696327    -1.991759    -1.972553    -1.339964    -1.243898     1.519569     1.579504     1.982451     1.991492     2.513803     2.543768     3.820760     3.831628
0.256763    -5.699395    -5.689566    -4.963401    -4.949009    -4.316765    -4.308454    -3.836531    -3.817497    -2.792643    -2.720116    -1.968661    -1.948893    -1.346343    -1.250468     1.506989     1.570245     1.982109     1.988338     2.482076     2.512689     3.825959     3.837126
0.258984    -5.682266    -5.671120    -4.941447    -4.926440    -4.309234    -4.299949    -3.845621    -3.825906    -2.813157    -2.740414    -1.946413    -1.926067    -1.352339    -1.256673     1.494643     1.560868     1.981811     1.985487     2.452256     2.483555     3.829997     3.841552
0.261204    -5.666475    -5.654066    -4.919347    -4.903726    -4.303002    -4.292802    -3.854179    -3.833789    -2.830045    -2.757035    -1.925204    -1.904272    -1.357935    -1.262499     1.482635     1.551488     1.981494     1.982866     2.424508     2.456526     3.832843     3.844869
0.263424    -5.652088    -5.638490    -4.897220    -4.880991    -4.298159    -4.287118    -3.862046    -3.840999    -2.843146    -2.769826    -1.905217    -1.883698    -1.363125    -1.267941     1.471064     1.542218     1.980402     1.981103     2.398989     2.431753     3.834475     3.847053
0.265644    -5.639164    -5.624466    -4.875196    -4.858374    -4.294767    -4.282973    -3.869058    -3.847381    -2.852342    -2.778681    -1.886628    -1.864531    -1.367910    -1.273003     1.460024     1.533169     1.978026     1.980590     2.375848     2.409377     3.834879     3.848085
0.267864    -5.627748    -5.612052    -4.853419    -4.836028    -4.292853    -4.280405    -3.875042    -3.852776    -2.857560    -2.783540    -1.869608    -1.846948    -1.372300    -1.277697     1.449603     1.524446     1.975672     1.979910     2.355223     2.389531     3.834053     3.847959
0.270084    -5.617873    -5.601296    -4.832043    -4.814118    -4.292410    -4.279419    -3.879817    -3.857021    -2.858780    -2.784393    -1.854315    -1.831119    -1.376312    -1.282041     1.439888     1.516152     1.973281     1.979027     2.337236     2.372336     3.832000     3.846673
0.272304    -5.609558    -5.592227    -4.811231    -4.792821    -4.293393    -4.279979    -3.883201    -3.859950    -2.856034    -2.781287    -1.840897    -1.817201    -1.379973    -1.286064     1.430956     1.508382     1.970796     1.977907     2.321999     2.357896     3.828732     3.844236
0.274524    -5.602810    -5.584861    -4.791154    -4.772322    -4.295723    -4.282012    -3.885006    -3.861395    -2.849406    -2.774315    -1.829485    -1.805336    -1.383315    -1.289802     1.422883     1.501227     1.968167     1.976524     2.309601     2.346302     3.824269     3.840662
0.276744    -5.597621    -5.579196    -4.771985    -4.752809    -4.299293    -4.285413    -3.885053    -3.861193    -2.839027    -2.763619    -1.820195    -1.795649    -1.386381    -1.293297     1.415738     1.494771     1.965347     1.974854     2.300117     2.337624     3.818639     3.835973
0.278964    -5.593973    -5.575216    -4.753892    -4.734468    -4.303972    -4.290053    -3.883169    -3.859192    -2.825066    -2.749379    -1.813126    -1.788248    -1.389217    -1.296598     1.409586     1.489091     1.962294     1.972878     2.293600     2.331913     3.811873     3.830197
0.281184    -5.591829    -5.572885    -4.737037    -4.717475    -4.309614    -4.295781    -3.879201    -3.855252    -2.807729    -2.731808    -1.808354    -1.783219    -1.391878    -1.299763     1.404484     1.484257     1.958971     1.970577     2.290080     2.329198     3.804013     3.823368
0.283404    -5.591144    -5.572156    -4.721564    -4.701988    -4.316067    -4.302439    -3.873022    -3.849258    -2.787244    -2.711144    -1.805935    -1.780623    -1.394421    -1.302852     1.400485     1.480334     1.955343     1.967935     2.289567     2.329483     3.795104     3.815526
0.285624    -5.591858    -5.572963    -4.707595    -4.688135    -4.323173    -4.309860    -3.864541    -3.841123    -2.763860    -2.687641    -1.805903    -1.780498    -1.396910    -1.305935     1.397637     1.477377     1.951379     1.964934     2.292048     2.332749     3.785198     3.806716
0.287844    -5.593901    -5.575230    -4.695221    -4.676014    -4.330784    -4.317885    -3.853707    -3.830797    -2.737834    -2.661561    -1.808267    -1.782857    -1.399409    -1.309082     1.395978     1.475436     1.947050     1.961559     2.297486     2.338952     3.774352     3.796986
0.290065    -5.597191    -5.578866    -4.684500    -4.665679    -4.338758    -4.326358    -3.840520    -3.818275    -2.709427    -2.633171    -1.813012    -1.787684    -1.401989    -1.312370     1.395541     1.474552     1.942332     1.957790     2.305820     2.348020     3.762629     3.786391
0.292285    -5.601639    -5.583770    -4.675452    -4.657144    -4.346967    -4.335138    -3.825034    -3.803596    -2.678902    -2.602737    -1.820099    -1.794936    -1.404718    -1.315876     1.396350     1.474756     1.937201     1.953609     2.316966     2.359856     3.750097     3.774990
0.294505    -5.607146    -5.589833    -4.668062    -4.650378    -4.355295    -4.344094    -3.807351    -3.786844    -2.646517    -2.570520    -1.829461    -1.804544    -1.407667    -1.319679     1.398422     1.476074     1.931637     1.949000     2.330816     2.374339     3.736830     3.762844
0.296725    -5.613609    -5.596940    -4.662279    -4.645317    -4.363643    -4.353113    -3.787624    -3.768152    -2.612523    -2.536773    -1.841007    -1.816409    -1.410906    -1.323859     1.401764     1.478518     1.925622     1.943945     2.347236     2.391319     3.722908     3.750022
0.298945    -5.620920    -5.604970    -4.658024    -4.641863    -4.371926    -4.362096    -3.766046    -3.747689    -2.577168    -2.501744    -1.854619    -1.830407    -1.414503    -1.328494     1.406374     1.482094     1.919139     1.938428     2.366071     2.410626     3.708418     3.736593
0.301165    -5.628967    -5.613799    -4.655198    -4.639896    -4.380071    -4.370957    -3.742849    -3.725663    -2.540688    -2.465673    -1.870155    -1.846385    -1.418522    -1.333658     1.412237     1.486794     1.912177     1.932437     2.387140     2.432060     3.693451     3.722635
0.303385    -5.637637    -5.623303    -4.653682    -4.639282    -4.388019    -4.379626    -3.718291    -3.702312    -2.503318    -2.428794    -1.887443    -1.864162    -1.423025    -1.339423     1.419332     1.492600     1.904725     1.925960     2.410242     2.455404     3.678110     3.708227
0.305605    -5.646819    -5.633358    -4.653353    -4.639880    -4.395720    -4.388042    -3.692655    -3.677897    -2.465285    -2.391337    -1.906288    -1.883530    -1.428063    -1.345853     1.427622     1.499482     1.896780     1.918990     2.435154     2.480412     3.662505     3.693457
0.307825    -5.656400    -5.643841    -4.654083    -4.641550    -4.403135    -4.396157    -3.666241    -3.652702    -2.426819    -2.353534    -1.926462    -1.904251    -1.433680    -1.353006     1.437060     1.507396     1.888341     1.911525     2.461634     2.506820     3.646755     3.678419
0.310045    -5.666272    -5.654636    -4.655745    -4.644154    -4.410229    -4.403931    -3.639362    -3.627026    -2.388155    -2.315622    -1.947709    -1.926050    -1.439907    -1.360928     1.447588     1.516281     1.879418     1.903565     2.489420     2.534340     3.630994     3.663211
0.312265    -5.676331    -5.665628    -4.658221    -4.647565    -4.416976    -4.411331    -3.612344    -3.601183    -2.349545    -2.277860    -1.969731    -1.948613    -1.446756    -1.369654     1.459132     1.526065     1.870026     1.895120     2.518233     2.562660     3.615366     3.647946
0.314485    -5.686475    -5.676708    -4.661400    -4.651667    -4.423353    -4.418331    -3.585525    -3.575503    -2.311275    -2.240544    -1.992174    -1.971568    -1.454221    -1.379207     1.471607     1.536653     1.860196     1.886206     2.547777     2.591448     3.600035     3.632741
0.316705    -5.696608    -5.687776    -4.665181    -4.656355    -4.429340    -4.424908    -3.559253    -3.550326    -2.273707    -2.204074    -2.014576    -1.994447    -1.462268    -1.389590     1.484912     1.547930     1.849976     1.876850     2.577737     2.620349     3.585179     3.617729
0.318925    -5.706642    -5.698733    -4.669476    -4.661538    -4.434920    -4.431044    -3.533884    -3.526005    -2.237364    -2.169125    -2.036193    -2.016609    -1.470827    -1.400787     1.498932     1.559755     1.839438     1.867092     2.607785     2.648988     3.570996     3.603055
0.321146    -5.716492    -5.709492    -4.674206    -4.667136    -4.440077    -4.436722    -3.509787    -3.502904    -2.203176    -2.137451    -2.055222    -2.037000    -1.479787    -1.412756     1.513533     1.571952     1.828687     1.856988     2.637576     2.676967     3.557705     3.588879
0.323366    -5.726080    -5.719971    -4.679306    -4.673084    -4.444796    -4.441929    -3.487333    -3.481394    -2.173179    -2.116252    -2.064438    -2.053463    -1.488978    -1.425424     1.528560     1.584296     1.817879     1.846621     2.666751     2.703872     3.545542     3.575380
0.325586    -5.735334    -5.730094    -4.684723    -4.679329    -4.449065    -4.446651    -3.466899    -3.461849    -2.152218    -2.118782    -2.061054    -2.050612    -1.498162    -1.438676     1.543832     1.596495     1.807242     1.836100     2.694939     2.729280     3.534760     3.562753
0.327806    -5.744191    -5.739793    -4.690412    -4.685828    -4.452868    -4.450876    -3.448853    -3.444639    -2.146649    -2.133199    -2.053354    -2.025688    -1.507011    -1.452348     1.559133     1.608158     1.797111     1.825580     2.721758     2.752764     3.525620     3.551207
0.330026    -5.752592    -5.749008    -4.696343    -4.692552    -4.456191    -4.454592    -3.433547    -3.430120    -2.153424    -2.148928    -2.033415    -2.000446    -1.515098    -1.466209     1.574197     1.618753     1.787968     1.815272     2.746824     2.773909     3.518380     3.540970
0.332246    -5.760485    -5.757685    -4.702492    -4.699479    -4.459022    -4.457786    -3.421302    -3.418617    -2.164496    -2.163462    -2.009384    -1.977720    -1.521886    -1.479947     1.588688     1.627571     1.780483     1.805472     2.769758     2.792335     3.513276     3.532273
0.334466    -5.767824    -5.765776    -4.708849    -4.706601    -4.461346    -4.460449    -3.412392    -3.410412    -2.175955    -2.175725    -1.985640    -1.958807    -1.526750    -1.493145     1.602173     1.633759     1.775489     1.796584     2.790198     2.807715     3.510503     3.525347
0.336686    -5.774570    -5.773242    -4.715410    -4.713917    -4.463149    -4.462567    -3.407026    -3.405720    -2.185988    -2.185456    -1.964240    -1.944658    -1.529037    -1.505269     1.614095     1.636505     1.773787     1.789150     2.807816     2.819805     3.510193     3.520405
0.338906    -5.780690    -5.780048    -4.722184    -4.721437    -4.464417    -4.464130    -3.405330    -3.404681    -2.193334    -2.192960    -1.946498    -1.936013    -1.528179    -1.515674     1.623781     1.635405     1.775788     1.783846     2.822340     2.828463     3.512392     3.517625
0.341126    -5.786167    -5.786156    -4.729188    -4.729178    -4.465136    -4.465126    -3.407340    -3.407338    -2.197906    -2.197902    -1.933478    -1.933330    -1.523833    -1.523647     1.630538     1.630707     1.781268     1.781387     2.833570     2.833662     3.517053     3.517132
0.343316    -5.791472    -5.790874    -4.737077    -4.736345    -4.465539    -4.465270    -3.413638    -3.412993    -2.200086    -2.199652    -1.936930    -1.926153    -1.528559    -1.515836     1.623037     1.633929     1.782228     1.789574     2.835283     2.841294     3.518957     3.524098
0.345506    -5.796084    -5.794908    -4.745243    -4.743792    -4.465366    -4.464852    -3.423335    -3.422028    -2.199708    -2.198892    -1.945998    -1.925048    -1.529787    -1.504930     1.613643     1.633811     1.786531     1.799637     2.833905     2.845617     3.523112     3.533101
0.347696    -5.799979    -5.798259    -4.753729    -4.751562    -4.464608    -4.463859    -3.436199    -3.434204    -2.196927    -2.195882    -1.960145    -1.930241    -1.527385    -1.491460     1.603106     1.630838     1.793757     1.810894     2.829696     2.846728     3.529414     3.543874
0.349886    -5.803154    -5.800922    -4.762585    -4.759704    -4.463255    -4.462279    -3.451930    -3.449218    -2.191982    -2.191005    -1.978675    -1.941557    -1.521590    -1.476052     1.592020     1.625775     1.803219     1.822836     2.822961     2.844807     3.537700     3.556126
0.352075    -5.805608    -5.802895    -4.771867    -4.768273    -4.461296    -4.460099    -3.470178    -3.466712    -2.185183    -2.184801    -2.000777    -1.958494    -1.512933    -1.459320     1.580841     1.619406     1.814216     1.835097     2.814028     2.840100     3.547761     3.569566
0.354265    -5.807342    -5.804183    -4.781639    -4.777335    -4.458723    -4.457311    -3.490556    -3.486299    -2.178089    -2.176899    -2.025449    -1.980366    -1.502082    -1.441807     1.569929     1.612400     1.826174     1.847419     2.803228     2.832897     3.559367     3.583920
0.356455    -5.808365    -5.804792    -4.791972    -4.786960    -4.455529    -4.453903    -3.512659    -3.507575    -2.172344    -2.167575    -2.051128    -2.006408    -1.489711    -1.423957     1.559570     1.605279     1.838665     1.859616     2.790882     2.823512     3.572285     3.598947
0.358645    -5.808688    -5.804734    -4.802940    -4.797224    -4.451707    -4.449868    -3.536079    -3.530134    -2.170699    -2.157825    -2.074669    -2.035747    -1.476410    -1.406120     1.550005     1.598441     1.851387     1.871554     2.777290     2.812265     3.586293     3.614441
0.360835    -5.808326    -5.804025    -4.814621    -4.808207    -4.447253    -4.445199    -3.560412    -3.553577    -2.179083    -2.148891    -2.090187    -2.066971    -1.462658    -1.388564     1.541433     1.592190     1.864130     1.883136     2.762731     2.799467     3.601190     3.630236
0.363025    -5.807296    -5.802683    -4.827096    -4.819993    -4.442163    -4.439891    -3.585269    -3.577520    -2.201452    -2.145389    -2.095367    -2.093805    -1.448818    -1.371482     1.534022     1.586754     1.876752     1.894290     2.747460     2.785419     3.616803     3.646203
0.365214    -5.805620    -5.800730    -4.840443    -4.832665    -4.436434    -4.433942    -3.610281    -3.601602    -2.234112    -2.162315    -2.105905    -2.089316    -1.435154    -1.355011     1.527911     1.582303     1.889159     1.904963     2.731710     2.770400     3.632987     3.662243
0.367404    -5.803322    -5.798191    -4.854740    -4.846306    -4.430069    -4.427349    -3.635102    -3.625485    -2.272551    -2.197774    -2.100481    -2.081331    -1.421847    -1.339236     1.523209     1.578960     1.901296     1.915123     2.715689     2.754668     3.649623     3.678286
0.369594    -5.800428    -5.795094    -4.870060    -4.860993    -4.423069    -4.420115    -3.659415    -3.648859    -2.314563    -2.239423    -2.091456    -2.072151    -1.409011    -1.324203     1.519999     1.576806     1.913135     1.924749     2.699589     2.738461     3.666616     3.694285
0.371784    -5.796970    -5.791469    -4.886464    -4.876796    -4.415441    -4.412245    -3.682931    -3.671447    -2.359155    -2.284115    -2.082007    -2.062850    -1.396708    -1.309923     1.518335     1.575878     1.924673     1.933834     2.683582     2.721996     3.683891     3.710210
0.373974    -5.792978    -5.787350    -4.904005    -4.893772    -4.407192    -4.403748    -3.705393    -3.693000    -2.405814    -2.330999    -2.073007    -2.054005    -1.384957    -1.296381     1.518241     1.576180     1.935930     1.942384     2.667824     2.705470     3.701387     3.726044
0.376164    -5.788486    -5.782770    -4.922720    -4.911966    -4.398335    -4.394633    -3.726579    -3.713304    -2.454222    -2.379698    -2.064846    -2.045976    -1.373743    -1.283534     1.519709     1.577675     1.946947     1.950419     2.652456     2.689062     3.719058     3.741778
0.378354    -5.783531    -5.777768    -4.942631    -4.931405    -4.388886    -4.384920    -3.746299    -3.732177    -2.504149    -2.429974    -2.057760    -2.039013    -1.363027    -1.271324     1.522703     1.580292     1.957784     1.957971     2.637602     2.672931     3.736861     3.757407
0.380543    -5.778149    -5.772383    -4.963739    -4.952096    -4.378866    -4.374627    -3.764400    -3.749475    -2.555406    -2.481636    -2.051915    -2.033299    -1.352748    -1.259674     1.527153     1.583921     1.965091     1.968526     2.623376     2.657223     3.754763     3.772931
0.382733    -5.772380    -5.766654    -4.986027    -4.974024    -4.368300    -4.363783    -3.780762    -3.765085    -2.607823    -2.534517    -2.047436    -2.028973    -1.342832    -1.248494     1.532956     1.588420     1.971843     1.979276     2.609879     2.642067     3.772730     3.788346
0.384923    -5.766265    -5.760624    -5.009457    -4.997156    -4.357220    -4.352420    -3.795303    -3.778927    -2.661234    -2.588451    -2.044418    -2.026140    -1.333191    -1.237689     1.539975     1.593611     1.978314     1.990159     2.597199     2.627576     3.790729     3.803649
0.387113    -5.759845    -5.754336    -5.033970    -5.021433    -4.345665    -4.340579    -3.807970    -3.790953    -2.715475    -2.643274    -2.042930    -2.024877    -1.323733    -1.227152     1.548038     1.599285     1.984612     2.001320     2.585415     2.613852     3.808725     3.818829
0.389303    -5.753163    -5.747836    -5.059491    -5.046780    -4.333681    -4.328310    -3.818744    -3.801145    -2.770377    -2.698816    -2.043023    -2.025239    -1.314361    -1.216777     1.556938     1.605207     1.990869     2.012921     2.574595     2.600985     3.826680     3.833873
0.391493    -5.746263    -5.741169    -5.085927    -5.073101    -4.321324    -4.315670    -3.827630    -3.809510    -2.825761    -2.754896    -2.044727    -2.027259    -1.304976    -1.206456     1.566433     1.611124     1.997242     2.025140     2.564800     2.589051     3.844552     3.848759
0.393683    -5.739188    -5.734382    -5.113172    -5.100286    -4.308660    -4.302730    -3.834660    -3.816077    -2.881437    -2.811323    -2.048053    -2.030951    -1.295482    -1.196083     1.576246     1.616768     2.003917     2.038156     2.556081     2.578117     3.862293     3.863461
0.395872    -5.731985    -5.727523    -5.141108    -5.128215    -4.295768    -4.289572    -3.839883    -3.820897    -2.937201    -2.867892    -2.053000    -2.036310    -1.285786    -1.185553     1.586070     1.621872     2.011102     2.052150     2.548481     2.568239     3.877944     3.879851
0.398062    -5.724699    -5.720641    -5.169610    -5.156757    -4.282742    -4.276298    -3.843367    -3.824035    -2.992833    -2.924379    -2.059547    -2.043317    -1.275799    -1.174771     1.595577     1.626180     2.019026     2.067285     2.542035     2.559463     3.892167     3.897169
0.400252    -5.717378    -5.713786    -5.198546    -5.185774    -4.269693    -4.263023    -3.845191    -3.825571    -3.048091    -2.980541    -2.067662    -2.051937    -1.265441    -1.163646     1.604424     1.629463     2.027928     2.083701     2.536770     2.551826     3.906085     3.914185
0.402442    -5.710070    -5.707009    -5.227782    -5.215127    -4.256755    -4.249889    -3.845445    -3.825595    -3.102710    -3.036113    -2.077298    -2.062121    -1.254639    -1.152097     1.612273     1.631526     2.038043     2.101500     2.532708     2.545354     3.919645     3.930833
0.404632    -5.702823    -5.700362    -5.257184    -5.244676    -4.244088    -4.237062    -3.844226    -3.824205    -3.156395    -3.090800    -2.088395    -2.073804    -1.243331    -1.140054     1.618813     1.632220     2.049582     2.120744     2.529859     2.540066     3.932790     3.947044
0.406822    -5.695688    -5.693897    -5.286618    -5.274282    -4.231882    -4.224741    -3.841636    -3.821507    -3.208818    -3.144276    -2.100881    -2.086913    -1.231464    -1.127457     1.623773     1.631445     2.062716     2.141447     2.528229     2.535972     3.945460     3.962746
0.409011    -5.688717    -5.687670    -5.315953    -5.303809    -4.220365    -4.213162    -3.837777    -3.817611    -3.259610    -3.196175    -2.114675    -2.101362    -1.218999    -1.114260     1.626949     1.629151     2.077554     2.163575     2.527812     2.533070     3.957593     3.977866
0.411201    -5.681963    -5.681737    -5.345062    -5.333125    -4.209808    -4.202602    -3.832757    -3.812633    -3.308355    -3.246092    -2.129684    -2.117053    -1.205909    -1.100430     1.625336     1.628212     2.094137     2.187053     2.528598     2.531355     3.969125     3.992331
0.413391    -5.676154    -5.675481    -5.373820    -5.362101    -4.200530    -4.193385    -3.826681    -3.806694    -3.354587    -3.293572    -2.145806    -2.133882    -1.192178    -1.085947     1.620037     1.627514     2.112429     2.211772     2.530569     2.530810     3.979990     4.006066
0.415581    -5.670982    -5.669329    -5.402111    -5.390617    -4.192900    -4.185880    -3.819658    -3.799917    -3.397787    -3.338117    -2.162932    -2.151734    -1.177808    -1.070807     1.613326     1.624880     2.132328     2.237592     2.531414     2.533697     3.990127     4.019002
0.417771    -5.666279    -5.663564    -5.429820    -5.418557    -4.187327    -4.180494    -3.811791    -3.792427    -3.437391    -3.379191    -2.180943    -2.170487    -1.162811    -1.055022     1.605303     1.620400     2.153676     2.264352     2.533138     2.537950     3.999475     4.031070
0.419961    -5.662109    -5.658249    -5.456839    -5.445809    -4.184246    -4.177653    -3.803186    -3.784349    -3.472813    -3.416238    -2.199715    -2.190013    -1.147219    -1.038619     1.596089     1.614214     2.176273     2.291874     2.535950     2.543291     4.007975     4.042204
0.422151    -5.658535    -5.653446    -5.483064    -5.472270    -4.184080    -4.177766    -3.793945    -3.775804    -3.503486    -3.448723    -2.219117    -2.210174    -1.131076    -1.021643     1.585820     1.606496     2.199890     2.319971     2.539813     2.549675     4.015574     4.052347
0.424340    -5.655624    -5.649221    -5.508396    -5.497838    -4.187181    -4.181175    -3.784172    -3.766899    -3.528923    -3.476176    -2.239010    -2.230830    -1.114442    -1.004154     1.574646     1.597444     2.224284     2.348444     2.544687     2.557054     4.022224     4.061442
0.426530    -5.653442    -5.645642    -5.532738    -5.522420    -4.193766    -4.188091    -3.773969    -3.757718    -3.548804    -3.498260    -2.259250    -2.251832    -1.097395    -0.986231     1.562728     1.587270     2.249205     2.377089     2.550532     2.565375     4.027883     4.069444
0.428720    -5.652063    -5.642780    -5.555992    -5.545922    -4.203853    -4.198541    -3.763437    -3.748314    -3.563037    -3.514825    -2.279690    -2.273028    -1.080025    -0.967967     1.550233     1.576196     2.274402     2.405695     2.557308     2.574582     4.032516     4.076312
0.430910    -5.651567    -5.640713    -5.578055    -5.568251    -4.217231    -4.212338    -3.752683    -3.738708    -3.571802    -3.525933    -2.300174    -2.294257    -1.062441    -0.949476     1.537337     1.564447     2.299627     2.434040     2.564977     2.584611     4.036096     4.082013
0.433100    -5.652063    -5.639536    -5.598798    -5.589298    -4.233475    -4.229087    -3.741819    -3.728895    -3.575522    -3.531851    -2.320542    -2.315356    -1.044766    -0.930885     1.524220     1.552251     2.324636     2.461892     2.573509     2.595397     4.038603     4.086525
0.435290    -5.653738    -5.639412    -5.618012    -5.608889    -4.252003    -4.248238    -3.730965    -3.718876    -3.574783    -3.533004    -2.340632    -2.336156    -1.027135    -0.912339     1.511069     1.539836     2.349193     2.489001     2.582882     2.606867     4.040028     4.089834
0.437479    -5.657081    -5.640939    -5.635179    -5.626417    -4.272151    -4.269146    -3.720246    -3.708683    -3.570231    -3.529908    -2.360276    -2.356485    -1.009699    -0.893994     1.498073     1.527432     2.373067     2.515095     2.593095     2.618940     4.040371     4.091936
0.439669    -5.663643    -5.648721    -5.648281    -5.637703    -4.293244    -4.291143    -3.709796    -3.698402    -3.562485    -3.523108    -2.379304    -2.376166    -0.992619    -0.876024     1.485425     1.515266     2.396034     2.539867     2.604170     2.631530     4.039640     4.092835
0.441859    -5.674743    -5.662154    -5.657280    -5.642012    -4.314653    -4.313590    -3.699752    -3.688173    -3.552078    -3.513131    -2.397545    -2.395021    -0.976069    -0.858611     1.473318     1.503563     2.417881     2.562981     2.616158     2.644541     4.037856     4.092548
0.444049    -5.687386    -5.675864    -5.663801    -5.646013    -4.335908    -4.335821    -3.690252    -3.678182    -3.539444    -3.500454    -2.414826    -2.412873    -0.960226    -0.841947     1.461945     1.492543     2.438398     2.584092     2.629109     2.657870     4.035048     4.091100
0.446239    -5.699400    -5.688254    -5.670396    -5.650827    -4.357598    -4.356278    -3.681427    -3.668635    -3.524928    -3.485500    -2.430979    -2.429546    -0.945276    -0.826229     1.451493     1.482422     2.457385     2.602949     2.642975     2.671405     4.031257     4.088528
0.448429    -5.710192    -5.699116    -5.677584    -5.656610    -4.378242    -4.375645    -3.673406    -3.659742    -3.508800    -3.468629    -2.445841    -2.444868    -0.931405    -0.811656     1.442145     1.473405     2.474646     2.619532     2.657478     2.685033     4.026531     4.084876
0.450619    -5.719593    -5.708369    -5.685442    -5.663380    -4.397506    -4.393621    -3.666305    -3.651699    -3.491282    -3.450147    -2.459254    -2.458676    -0.918797    -0.798427     1.434073     1.465685     2.489989     2.634066     2.672095     2.698637     4.020931     4.080199
0.452808    -5.727582    -5.715966    -5.693892    -5.671103    -4.415131    -4.409986    -3.660231    -3.644679    -3.472556    -3.430312    -2.471075    -2.470818    -0.907630    -0.786733     1.427435     1.459438     2.503228     2.646821     2.686258     2.712105     4.014526     4.074562
0.454998    -5.734245    -5.721877    -5.702724    -5.679711    -4.430929    -4.424582    -3.655276    -3.638823    -3.452782    -3.409342    -2.481172    -2.481156    -0.898073    -0.776752     1.422373     1.454819     2.514179     2.657910     2.699569     2.725328     4.007393     4.068035
0.457188    -5.739855    -5.726093    -5.711534    -5.689100    -4.444773    -4.437312    -3.651517    -3.634242    -3.432101    -3.387417    -2.489573    -2.489431    -0.890278    -0.768647     1.419004     1.451958     2.522664     2.667205     2.711880     2.738208     3.999618     4.060697
0.459378    -5.745066    -5.728640    -5.719525    -5.699113    -4.456591    -4.448126    -3.649010    -3.631016    -3.410638    -3.364694    -2.495971    -2.495762    -0.884377    -0.762560     1.417420     1.450954     2.528516     2.674377     2.723262     2.750652     3.991293     4.052634
0.461568    -5.751072    -5.729682    -5.725349    -5.709442    -4.466357    -4.457017    -3.647789    -3.629191    -3.388505    -3.341302    -2.500280    -2.500095    -0.880481    -0.758605     1.417686     1.451872     2.531584     2.678986     2.733919     2.762572     3.982519     4.043937
0.463758    -5.758908    -5.730292    -5.727813    -5.718863    -4.474086    -4.464013    -3.647869    -3.628783    -3.365804    -3.317357    -2.502456    -2.502387    -0.878673    -0.756867     1.419831     1.454742     2.531740     2.680605     2.744066     2.773887     3.973398     4.034701
0.465947    -5.768387    -5.735965    -5.726942    -5.721717    -4.479827    -4.469168    -3.649236    -3.629780    -3.342624    -3.292953    -2.502621    -2.502484    -0.879004    -0.757399     1.423852     1.459553     2.528888     2.678928     2.753829     2.784508     3.964040     4.025025
0.468137    -5.778747    -5.746479    -5.723336    -5.718064    -4.483654    -4.472561    -3.651855    -3.632138    -3.319047    -3.268177    -2.500806    -2.500375    -0.881499    -0.760219     1.429709     1.466253     2.522969     2.673800     2.763217     2.794348     3.954555     4.015011
0.470327    -5.789407    -5.757860    -5.717419    -5.711713    -4.485664    -4.474286    -3.655667    -3.635789    -3.295145    -3.243103    -2.496975    -2.496169    -0.886146    -0.765312     1.437326     1.474751     2.513969     2.665192     2.772151     2.803312     3.945057     4.004760
0.472517    -5.799996    -5.769296    -5.709408    -5.703313    -4.485969    -4.474451    -3.660590    -3.640643    -3.270983    -3.217796    -2.491184    -2.489928    -0.892907    -0.772627     1.446593     1.484916     2.501917     2.653158     2.780504     2.811299     3.935655     3.994374
0.474707    -5.810262    -5.780503    -5.699414    -5.692995    -4.484694    -4.473174    -3.666526    -3.646587    -3.246620    -3.192315    -2.483508    -2.481736    -0.901711    -0.782086     1.457369     1.496579     2.486889     2.637809     2.788136     2.818204     3.926459     3.983953
0.476897    -5.820009    -5.791291    -5.687498    -5.680801    -4.481971    -4.470580    -3.673361    -3.653496    -3.222106    -3.166713    -2.474039    -2.471692    -0.912462    -0.793579     1.469481     1.509540     2.469009     2.619297     2.794909     2.823920     3.917572     3.973592
0.479087    -5.829079    -5.801503    -5.673698    -5.666755    -4.477941    -4.466798    -3.680969    -3.661232    -3.197491    -3.141035    -2.462881    -2.459910    -0.925041    -0.806976     1.482732     1.523565     2.448442     2.597806     2.800690     2.828344     3.909087     3.963382
0.481276    -5.837336    -5.811002    -5.658043    -5.650872    -4.472747    -4.461960    -3.689217    -3.669649    -3.172814    -3.115324    -2.450147    -2.446511    -0.939310    -0.822125     1.496901     1.538396     2.425397     2.573552     2.805358     2.831375     3.901088     3.953404
0.483466    -5.844661    -5.819663    -5.640558    -5.633167    -4.466534    -4.456203    -3.697968    -3.678600    -3.148113    -3.089617    -2.435955    -2.431621    -0.955113    -0.838861     1.511751     1.553752     2.400123     2.546779     2.808802     2.832921     3.893645     3.943729
0.485656    -5.850953    -5.827377    -5.621264    -5.613659    -4.459448    -4.449661    -3.707083    -3.687936    -3.123421    -3.063945    -2.420425    -2.415367    -0.972286    -0.857005     1.527031     1.569328     2.372905     2.517755     2.810925     2.832905     3.886808     3.934417
0.487846    -5.856126    -5.834047    -5.600186    -5.592365    -4.451638    -4.442473    -3.716427    -3.697512    -3.098765    -3.038339    -2.403679    -2.397876    -0.990654    -0.876377     1.542478     1.584805     2.344064     2.486774     2.811645     2.831261     3.880612     3.925512
0.490036    -5.860107    -5.839592    -5.577348    -5.569309    -4.443250    -4.434776    -3.725865    -3.707188    -3.074171    -3.012821    -2.385834    -2.379274    -1.010041    -0.896789     1.557822     1.599843     2.313958     2.454149     2.810894     2.827943     3.875066     3.917042
0.492226    -5.862836    -5.843940    -5.552778    -5.544515    -4.434433    -4.426709    -3.735271    -3.716830    -3.049656    -2.987411    -2.367008    -2.359681    -1.030269    -0.918059     1.572789     1.614085     2.282977     2.420211     2.808620     2.822924     3.870158     3.909018
0.494415    -5.864265    -5.847035    -5.526506    -5.518012    -4.425334    -4.418410    -3.744523    -3.726311    -3.025236    -2.962124    -2.347309    -2.339211    -1.051163    -0.940004     1.587102     1.627157     2.251546     2.385308     2.804788     2.816196     3.865855     3.901430
0.496605    -5.864357    -5.848830    -5.498564    -5.489831    -4.416098    -4.410016    -3.753509    -3.735513    -3.000922    -2.936971    -2.326846    -2.317974    -1.072551    -0.962451     1.600482     1.638665     2.220127     2.349800     2.799381     2.807770     3.862098     3.894251
0.498795    -5.863089    -5.849292    -5.468988    -5.460007    -4.406870    -4.401665    -3.762120    -3.744326    -2.976718    -2.911958    -2.305718    -2.296073    -1.094271    -0.985233     1.612653     1.648196     2.189213     2.314061     2.792399     2.797676     3.858810     3.887433
0.500985    -5.860446    -5.848397    -5.437818    -5.428578    -4.397792    -4.393491    -3.770256    -3.752645    -2.952629    -2.887087    -2.284020    -2.273605    -1.116166    -1.008195     1.623336     1.655326     2.159324     2.278474     2.783858     2.785963     3.855895     3.880914
0.503175    -5.856423    -5.846133    -5.405094    -5.395587    -4.389005    -4.385627    -3.777824    -3.760376    -2.928650    -2.862353    -2.261842    -2.250662    -1.138092    -1.031189     1.632260     1.659637     2.130991     2.243428     2.772692     2.773790     3.853240     3.874613
0.505365    -5.851025    -5.842498    -5.370863    -5.361077    -4.380644    -4.378201    -3.784734    -3.767428    -2.904776    -2.837752    -2.239268    -2.227328    -1.159913    -1.054082     1.639162     1.660745     2.104721     2.209316     2.757935     2.762239     3.850722     3.868436
0.507555    -5.844268    -5.837499    -5.335172    -5.325096    -4.372837    -4.371337    -3.790903    -3.773716    -2.881000    -2.813274    -2.216376    -2.203683    -1.181507    -1.076752     1.643795     1.658353     2.080950     2.176524     2.741776     2.749264     3.848210     3.862281
0.509744    -5.836175    -5.831152    -5.298072    -5.287697    -4.365709    -4.365151    -3.796252    -3.779162    -2.857312    -2.788908    -2.193241    -2.179801    -1.202762    -1.099087     1.645945     1.652306     2.059982     2.145417     2.724304     2.734931     3.845565     3.856034
0.511934    -5.826779    -5.823484    -5.259617    -5.248931    -4.359749    -4.359372    -3.800703    -3.783688    -2.833702    -2.764643    -2.169930    -2.155750    -1.223575    -1.120990     1.642654     1.645448     2.041931     2.116320     2.705613     2.719315     3.842649     3.849579
0.514124    -5.816120    -5.814531    -5.219863    -5.208858    -4.355227    -4.353929    -3.804185    -3.787223    -2.810164    -2.740468    -2.146509    -2.131595    -1.243858    -1.142372     1.629670     1.642218     2.026699     2.089488     2.685798     2.702496     3.839325     3.842796
0.516314    -5.804335    -5.804249    -5.178872    -5.167536    -4.351666    -4.349467    -3.806625    -3.789697    -2.786694    -2.716381    -2.123038    -2.107395    -1.263528    -1.163154     1.613827     1.636273     2.013994     2.065083     2.664955     2.684558     3.835458     3.835565
0.518504    -5.792952    -5.791226    -5.136704    -5.125029    -4.349132    -4.346058    -3.807955    -3.791042    -2.763295    -2.692381    -2.099573    -2.083206    -1.282510    -1.183264     1.595740     1.627754     2.003396     2.043150     2.643180     2.665587     3.827770     3.830918
0.520694    -5.780445    -5.777120    -5.093427    -5.081404    -4.347672    -4.343755    -3.808107    -3.791194    -2.739982    -2.668483    -2.076166    -2.059078    -1.300734    -1.202637     1.576080     1.616933     1.994433     2.023610     2.620567     2.645673     3.819299     3.825585
0.522884    -5.766887    -5.762010    -5.049111    -5.036732    -4.347312    -4.342592    -3.807017    -3.790088    -2.716780    -2.644712    -2.052866    -2.035061    -1.318133    -1.221210     1.555508     1.604196     1.986648     2.006274     2.597208     2.624902     3.810044     3.819346
0.525073    -5.752363    -5.745985    -5.003830    -4.991089    -4.348055    -4.342577    -3.804620    -3.787665    -2.693730    -2.621113    -2.029720    -2.011197    -1.334636    -1.238919     1.534630     1.590009     1.979639     1.990876     2.573191     2.603364     3.799907     3.812096
0.527263    -5.736968    -5.729147    -4.957662    -4.944554    -4.349878    -4.343693    -3.800853    -3.783864    -2.670895    -2.597751    -2.006770    -1.987530    -1.350168    -1.255696     1.513978     1.574879     1.973084     1.977109     2.548605     2.581143     3.788798     3.803743
0.529453    -5.720811    -5.711608    -4.910690    -4.897213    -4.352732    -4.345897    -3.795654    -3.778627    -2.648356    -2.574716    -1.984057    -1.964097    -1.364644    -1.271469     1.493999     1.559310     1.964667     1.966736     2.523533     2.558327     3.776634     3.794203
0.531643    -5.704011    -5.693496    -4.863004    -4.849157    -4.356539    -4.349116    -3.788962    -3.771895    -2.626218    -2.552128    -1.961619    -1.940937    -1.377965    -1.286152     1.475065     1.543774     1.953269     1.960423     2.498056     2.534999     3.763346     3.783407
0.533833    -5.686703    -5.674951    -4.814697    -4.800484    -4.361191    -4.353248    -3.780717    -3.763614    -2.604614    -2.530135    -1.939491    -1.918084    -1.390015    -1.299647     1.457479     1.528693     1.942683     1.954035     2.472256     2.511240     3.748873     3.771294
0.536023    -5.669037    -5.656130    -4.765872    -4.751301    -4.366547    -4.358156    -3.770858    -3.753726    -2.583702    -2.508918    -1.917706    -1.895572    -1.400658    -1.311839     1.441480     1.514425     1.932726     1.947512     2.446208     2.487133     3.733165     3.757816
0.538212    -5.651178    -5.637206    -4.716637    -4.701722    -4.372435    -4.363673    -3.759324    -3.742176    -2.563665    -2.488691    -1.896296    -1.873433    -1.409735    -1.322595     1.427257     1.501267     1.923270     1.940837     2.419989     2.462757     3.716184     3.742936
0.540402    -5.633310    -5.618370    -4.667112    -4.651874    -4.378645    -4.369593    -3.746055    -3.728909    -2.544710    -2.469695    -1.875290    -1.851700    -1.417068    -1.331766     1.414950     1.489455     1.914236     1.934028     2.393674     2.438189     3.697901     3.726629
0.542592    -5.615631    -5.599831    -4.617433    -4.601905    -4.384924    -4.375665    -3.730990    -3.713871    -2.527066    -2.452198    -1.854713    -1.830403    -1.422458    -1.339184     1.404660     1.479168     1.905586     1.927127     2.367334     2.413506     3.678301     3.708880
0.544782    -5.598361    -5.581818    -4.567771    -4.552004    -4.390960    -4.381572    -3.714065    -3.697007    -2.510974    -2.436481    -1.834592    -1.809576    -1.425698    -1.344671     1.396450     1.470536     1.897319     1.920203     2.341044     2.388785     3.657376     3.689687
0.546972    -5.581734    -5.564575    -4.518397    -4.502494    -4.396314    -4.386842    -3.695223    -3.678266    -2.496680    -2.422831    -1.814948    -1.789250    -1.426577    -1.348043     1.390353     1.463643     1.889465     1.913336     2.314873     2.364101     3.635130     3.669054
0.549162    -5.566001    -5.548363    -4.470052    -4.454348    -4.400057    -4.390328    -3.674405    -3.657601    -2.484428    -2.411523    -1.795803    -1.769459    -1.424899    -1.349120     1.386373     1.458536     1.882080     1.906624     2.288895     2.339529     3.611574     3.646999
0.551352    -5.551424    -5.533456    -4.428006    -4.415210    -4.396708    -4.384195    -3.651560    -3.634967    -2.474442    -2.402806    -1.777178    -1.750236    -1.420492    -1.347736     1.384487     1.455223     1.875238     1.900175     2.263179     2.315144     3.586732     3.623545
0.553541    -5.538270    -5.520129    -4.415123    -4.406359    -4.363180    -4.346956    -3.626642    -3.610332    -2.466918    -2.396880    -1.759094    -1.731615    -1.413231    -1.343753     1.384654     1.453687     1.869031     1.894104     2.237799     2.291022     3.560630     3.598724
0.555731    -5.526808    -5.508656    -4.413910    -4.405992    -4.316734    -4.300195    -3.599620    -3.583672    -2.462010    -2.393889    -1.741574    -1.713631    -1.403044    -1.337073     1.386810     1.453883     1.863563     1.888534     2.212826     2.267238     3.533307     3.572577
0.557921    -5.517292    -5.499295    -4.412278    -4.405063    -4.269228    -4.252737    -3.570478    -3.554979    -2.459823    -2.393905    -1.724641    -1.696318    -1.389926    -1.327649     1.390876     1.455744     1.858946     1.883590     2.188335     2.243871     3.504803     3.545149
0.560111    -5.509955    -5.492278    -4.408752    -4.402331    -4.221918    -4.205605    -3.539220    -3.524264    -2.460401    -2.396927    -1.708325    -1.679707    -1.373942    -1.315490     1.396761     1.459188     1.855297     1.879399     2.164399     2.220999     3.475168     3.516491
0.562301    -5.504998    -5.487796    -4.402841    -4.397325    -4.175100    -4.159069    -3.505875    -3.491559    -2.463732    -2.402883    -1.692657    -1.663830    -1.355221    -1.300665     1.404363     1.464119     1.852735     1.876089     2.141094     2.198703     3.444453     3.486660
0.564491    -5.502573    -5.485987    -4.394272    -4.389764    -4.128883    -4.113232    -3.470499    -3.456920    -2.469747    -2.411642    -1.677669    -1.648715    -1.333952    -1.283303     1.413572     1.470434     1.851374     1.873783     2.118499     2.177066     3.412718     3.455715
0.566680    -5.502780    -5.486931    -4.382880    -4.379462    -4.083308    -4.068131    -3.433178    -3.420427    -2.478327    -2.423023    -1.663398    -1.634391    -1.310368    -1.263580     1.424275     1.478027     1.851320     1.872601     2.096691     2.156175     3.380022     3.423723
0.568870    -5.505656    -5.490643    -4.368585    -4.366317    -4.038382    -4.023763    -3.394026    -3.382188    -2.489313    -2.436810    -1.649880    -1.620885    -1.284737    -1.241718     1.436358     1.486795     1.852665     1.872652     2.075753     2.136119     3.346430     3.390749
0.571060    -5.511181    -5.497075    -4.351382    -4.350297    -3.994079    -3.980096    -3.353182    -3.342332    -2.502517    -2.452767    -1.637151    -1.608226    -1.257349    -1.217966     1.449712     1.496643     1.855480     1.874031     2.055769     2.116995     3.312011     3.356865
0.573250    -5.519276    -5.506122    -4.331433    -4.331330    -3.950357    -3.937071    -3.310813    -3.301011    -2.517729    -2.470649    -1.625248    -1.596442    -1.228502    -1.192595     1.464234     1.507489     1.859807     1.876818     2.036829     2.098908     3.276835     3.322143
0.575440    -5.529813    -5.517631    -4.309816    -4.308544    -3.907154    -3.894617    -3.267100    -3.258394    -2.534731    -2.490213    -1.614209    -1.585565    -1.198495    -1.165883     1.479830     1.519272     1.865653     1.881064     2.019031     2.081972     3.240975     3.286659
0.577630    -5.542626    -5.531413    -4.285580    -4.283179    -3.864400    -3.852647    -3.222241    -3.214664    -2.553301    -2.511219    -1.604072    -1.575629    -1.167619    -1.138112     1.496425     1.531949     1.872974     1.886785     2.002487     2.066324     3.204507     3.250490
0.579820    -5.557519    -5.547254    -4.258894    -4.255423    -3.822017    -3.811073    -3.176442    -3.170012    -2.573220    -2.533440    -1.594874    -1.566672    -1.136155    -1.109554     1.513957     1.545503     1.881667     1.893934     1.987348     2.052129     3.167508     3.213717
0.582009    -5.574277    -5.564926    -4.229952    -4.225482    -3.779923    -3.769800    -3.129911    -3.124636    -2.594275    -2.556663    -1.586656    -1.558731    -1.104366    -1.080475     1.532384     1.559940     1.891542     1.902346     1.973854     2.039606     3.130059     3.176420
0.584199    -5.592681    -5.584198    -4.198959    -4.193573    -3.738038    -3.728740    -3.082859    -3.078736    -2.616261    -2.580686    -1.579457    -1.551850    -1.072500    -1.051124     1.551685     1.575287     1.902284     1.911544     1.962528     2.029067     3.092241     3.138682
0.586389    -5.612506    -5.604841    -4.166131    -4.159917    -3.696284    -3.687808    -3.035493    -3.032511    -2.638983    -2.605323    -1.573320    -1.546070    -1.040786    -1.021734     1.571856     1.591589     1.913390     1.920007     1.954908     2.020984     3.054138     3.100588
0.588579    -5.633534    -5.626632    -4.131683    -4.124729    -3.654589    -3.646925    -2.988018    -2.986168    -2.662247    -2.630393    -1.568284    -1.541436    -1.009431    -0.992520     1.592908     1.608901     1.923694     1.924079     1.955021     2.016082     3.015835     3.062225
0.590769    -5.655556    -5.649361    -4.095825    -4.088224    -3.612888    -3.606021    -2.940643    -2.939922    -2.685856    -2.655723    -1.564394    -1.537993    -0.978624    -0.963679     1.614867     1.627283     1.921072     1.933285     1.964356     2.015350     2.977417     3.023678
0.592959    -5.678372    -5.672830    -4.058764    -4.050606    -3.571121    -3.565036    -2.894037    -2.893594    -2.709567    -2.681123    -1.561691    -1.535785    -0.948535    -0.935387     1.637763     1.646794     1.916475     1.940030     1.978511     2.019674     2.938973     2.985035
0.595148    -5.701799    -5.696855    -4.020701    -4.012073    -3.529238    -3.523920    -2.848989    -2.847184    -2.732929    -2.706313    -1.560218    -1.534856    -0.919311    -0.907801     1.661628     1.667485     1.912334     1.944184     1.994965     2.029078     2.900591     2.946386
0.597338    -5.725661    -5.721265    -3.981826    -3.972812    -3.487196    -3.482632    -2.806870    -2.802297    -2.753877    -2.730448    -1.560015    -1.535248    -0.891083    -0.881058     1.686490     1.689391     1.909403     1.946625     2.012856     2.042569     2.862360     2.907821
0.599528    -5.749800    -5.745904    -3.942325    -3.933007    -3.444963    -3.441140    -2.791436    -2.770570    -2.748681    -2.741925    -1.561121    -1.537002    -0.863957    -0.855275     1.712364     1.712527     1.907955     1.948499     2.031789     2.058885     2.824369     2.869429
0.601718    -5.774069    -5.770627    -3.902376    -3.892829    -3.402511    -3.399424    -2.810469    -2.786403    -2.709584    -2.706374    -1.563576    -1.540155    -0.838025    -0.830548     1.736882     1.739249     1.908111     1.950679     2.051507     2.077033     2.786710     2.831303
0.603908    -5.798332    -5.795303    -3.862150    -3.852446    -3.359825    -3.357477    -2.833037    -2.809914    -2.667544    -2.663704    -1.567413    -1.544742    -0.813354    -0.806957     1.762414     1.767115     1.909937     1.953715     2.071809     2.096346     2.749474     2.793535
0.606098    -5.822467    -5.819811    -3.821813    -3.812020    -3.316896    -3.315300    -2.855848    -2.833697    -2.625875    -2.621342    -1.572666    -1.550792    -0.789998    -0.784560     1.789039     1.795898     1.913480     1.957946     2.092518     2.116377     2.712754     2.756218
0.608288    -5.846359    -5.844041    -3.781525    -3.771707    -3.273724    -3.272916    -2.878396    -2.857102    -2.585103    -2.579942    -1.579362    -1.558333    -0.767989    -0.763398     1.816624     1.825472     1.918798     1.963601     2.113473     2.136812     2.676641     2.719448
0.610477    -5.869907    -5.867894    -3.741442    -3.731660    -3.230368    -3.230318    -2.900486    -2.879899    -2.545438    -2.539724    -1.587527    -1.567386    -0.747345    -0.743499     1.844964     1.855588     1.926031     1.970871     2.134524     2.157413     2.641231     2.683321
0.612667    -5.893016    -5.891276    -3.701719    -3.692027    -3.187742    -3.186701    -2.921998    -2.901908    -2.507008    -2.500818    -1.597181    -1.577965    -0.728067    -0.724870     1.873740     1.885680     1.935594     1.979980     2.155528     2.177988     2.606618     2.647937
0.614857    -5.915599    -5.914105    -3.662504    -3.652955    -3.145215    -3.142913    -2.942827    -2.922894    -2.469910    -2.463319    -1.608337    -1.590080    -0.710144    -0.707509     1.902457     1.914173     1.948866     1.991267     2.176352     2.198378     2.572901     2.613399
0.617047    -5.937580    -5.936304    -3.623944    -3.614586    -3.103209    -3.099045    -2.962839    -2.942397    -2.434224    -2.427307    -1.621005    -1.603735    -0.693551    -0.691400     1.930337     1.937511     1.969173     2.005302     2.196866     2.218442     2.540181     2.579818
0.619237    -5.958885    -5.957804    -3.586185    -3.577062    -3.063057    -3.055414    -2.981687    -2.959058    -2.400017    -2.392850    -1.635186    -1.618925    -0.678255    -0.676515     1.954818     1.956301     1.997114     2.022907     2.216944     2.238053     2.508564     2.547309
0.621427    -5.979448    -5.978540    -3.549368    -3.540524    -3.030682    -3.016394    -2.994983    -2.966940    -2.367347    -2.360006    -1.650875    -1.635639    -0.664214    -0.662820     1.969822     1.979360     2.028649     2.044771     2.236457     2.257087     2.478167     2.516008
0.623616    -5.999210    -5.998453    -3.513637    -3.505109    -3.022576    -3.021292    -2.963409    -2.949547    -2.336264    -2.328825    -1.668059    -1.653856    -0.651376    -0.650273     1.984530     1.999406     2.061414     2.070663     2.255263     2.275416     2.449129     2.486073
0.625806    -6.018115    -6.017489    -3.479131    -3.470957    -3.037274    -3.032635    -2.919802    -2.912984    -2.306816    -2.299353    -1.686713    -1.673545    -0.639689    -0.638826     1.999467     2.017223     2.094485     2.099419     2.273190     2.292871     2.421639     2.457720
0.627996    -6.036111    -6.035599    -3.445991    -3.438206    -3.052925    -3.046612    -2.875582    -2.871509    -2.279040    -2.271628    -1.706805    -1.694669    -0.629094    -0.628427     2.014690     2.033680     2.127348     2.129746     2.289980     2.309151     2.396045     2.431275
0.630186    -6.053151    -6.052738    -3.414357    -3.406995    -3.067723    -3.060981    -2.831287    -2.828665    -2.252975    -2.245687    -1.728290    -1.717174    -0.619532    -0.619024     2.030101     2.049298     2.159570     2.160642     2.305145     2.323306     2.373375     2.407357
0.632376    -6.069192    -6.068863    -3.384372    -3.377466    -3.081527    -3.074850    -2.787076    -2.785366    -2.228655    -2.221563    -1.751108    -1.740995    -0.610942    -0.610561     2.045531     2.064281     2.190644     2.191336     2.317516     2.330095     2.359017     2.387385
0.634566    -6.084195    -6.083936    -3.356179    -3.349763    -3.094254    -3.087883    -2.743055    -2.741974    -2.206114    -2.199288    -1.775181    -1.766051    -0.603265    -0.602984     2.060772     2.078629     2.219772     2.221037     2.319794     2.324152     2.363050     2.374872
0.636756    -6.098123    -6.097923    -3.329930    -3.324040    -3.105830    -3.099904    -2.699329    -2.698702    -2.185391    -2.178900    -1.800410    -1.792236    -0.596442    -0.596239     2.075588     2.092221     2.245177     2.248149     2.305124     2.322578     2.373856     2.374022
0.638945    -6.110943    -6.110791    -3.305782    -3.300459    -3.116170    -3.110782    -2.656013    -2.655717    -2.166529    -2.160441    -1.826664    -1.819419    -0.590417    -0.590274     2.089716     2.104854     2.262069     2.265220     2.299792     2.320977     2.380756     2.385429
0.641135    -6.122627    -6.122513    -3.283912    -3.279203    -3.125174    -3.120397    -2.613244    -2.613185    -2.149589    -2.143968    -1.853767    -1.847420    -0.585138    -0.585039     2.102871     2.116267     2.261133     2.264372     2.315818     2.330724     2.390106     2.396175
0.643325    -6.133146    -6.133063    -3.264515    -3.260475    -3.132713    -3.128614    -2.571297    -2.571194    -2.134655    -2.129568    -1.881475    -1.875998    -0.580555    -0.580489     2.114738     2.126153     2.250831     2.257218     2.338412     2.348783     2.399681     2.405966
0.645515    -6.142480    -6.142421    -3.247812    -3.244504    -3.138629    -3.135277    -2.530290    -2.530092    -2.121863    -2.117378    -1.909430    -1.904801    -0.576623    -0.576580     2.124983     2.134194     2.241426     2.248014     2.360471     2.368426     2.408705     2.414680
0.647705    -6.150607    -6.150567    -3.234032    -3.231513    -3.142765    -3.140216    -2.490492    -2.490254    -2.111439    -2.107633    -1.937086    -1.933296    -0.573300    -0.573273     2.133283     2.140141     2.234203     2.239672     2.380615     2.386980     2.416861     2.422248
0.649895    -6.157511    -6.157484    -3.223352    -3.221638    -3.145045    -3.143312    -2.452375    -2.452145    -2.103780    -2.100744    -1.963565    -1.960628    -0.570551    -0.570535     2.139404     2.143946     2.229397     2.233226     2.398320     2.403428     2.423990     2.428627
0.652084    -6.163179    -6.163162    -3.215758    -3.214771    -3.145626    -3.144629    -2.416667    -2.416483    -2.099556    -2.097397    -1.987460    -1.985417    -0.568345    -0.568336     2.143335     2.145886     2.226737     2.228952     2.413271     2.417264     2.430003     2.433786
0.654274    -6.167598    -6.167587    -3.210909    -3.210463    -3.145000    -3.144550    -2.384542    -2.384427    -2.099631    -2.098408    -2.006783    -2.005647    -0.566656    -0.566651     2.145391     2.146524     2.225619     2.226617     2.425238     2.428175     2.434848     2.437704
0.656464    -6.170760    -6.170754    -3.208174    -3.208038    -3.143877    -3.143740    -2.357912    -2.357864    -2.104048    -2.103607    -2.019794    -2.019392    -0.565465    -0.565462     2.146154     2.146496     2.225354     2.225656     2.434054     2.435939     2.438501     2.440363
0.658654    -6.172659    -6.172657    -3.206870    -3.206853    -3.142924    -3.142906    -2.339652    -2.339645    -2.110089    -2.110029    -2.026581    -2.026529    -0.564755    -0.564754     2.146268     2.146310     2.225388     2.225424     2.439600     2.440347     2.441008     2.441751
0.660844    -6.173293    -6.173292    -3.206499    -3.206498    -3.142564    -3.142563    -2.333036    -2.333036    -2.112944    -2.112944    -2.028600    -2.028600    -0.564520    -0.564519     2.146233     2.146233     2.225419     2.225420     2.441761     2.441762     2.441910     2.441910
